3.110848768677894061e+00 -8.267256048154236758e-01
-8.859212278418514330e+00 -2.772522980817950788e+00
3.973595407917327460e+00 8.067484581498487017e+00
2.671080928692945111e+00 -7.082245812306442456e-01
-1.186216220477658290e+00 -9.380272548650699704e+00
1.949643482593413246e+00 7.927807673567945024e+00
-4.616753081774952250e+00 -1.194422503215034403e+00
2.288588504717989913e+00 9.858178617456418991e+00
1.992927185089736764e+00 -6.245338637131330195e-01
-8.165161349176831562e-01 -9.360182000982652184e+00
-7.023631744914506925e+00 -1.184361050320686726e+00
-6.854180065498121088e+00 -1.675728244525069410e+00
-6.212164017329370402e+00 -3.399801376565827482e-01
2.113664069476494767e+00 -2.886302577691669313e+00
-2.484637579778080863e+00 -8.213308505240307866e+00
-1.461270271676173849e-02 5.381750629351419235e+00
-6.682541476153358140e+00 -8.202585972796266889e-01
2.864970101748038900e+00 -1.677219079673093693e+00
2.251300971876350587e+00 9.570661956772646306e+00
1.558569376424782105e-01 -1.077185760074464937e+01
1.224863772711318743e+00 8.317629798525523199e+00
2.482626120877792886e+00 -2.121778601550871279e+00
3.136774567063190133e+00 -9.279831491772415619e-01
1.840993925249875041e+00 5.301444241351869202e-01
1.762787192450886664e+00 -5.282896520252629013e-01
-6.862106642775453125e+00 -1.265361507286155041e+00
2.167788454130357145e+00 -1.601366940763335300e+00
3.336862228461734858e+00 -5.428838029014306787e-01
2.563020943726528333e+00 -1.907334269868591337e+00
1.317468587057959883e+00 9.583313259197719702e+00
1.258099321039611862e-01 1.071795165168809660e+01
3.697524990064422035e+00 9.562722170229980279e+00
-6.086812115366145193e+00 -2.632801627603744699e+00
-7.668679262930081286e+00 -2.123226757444566903e+00
3.890455585346048295e+00 -1.973532974302037557e+00
1.354491941747098638e+00 8.528411106475981995e+00
-7.738692485405655574e+00 -2.763268022073010144e+00
-2.350551554779496843e+00 -1.068960922603279862e+01
2.805223669758145633e-01 4.189962921632105264e+00
3.297230556940115687e+00 -1.920947026220366283e+00
7.773702078682858119e-01 -2.224202795877034955e+00
1.603988463379462104e+00 6.943809516171798535e+00
2.867048415444536147e+00 7.302442438396715474e+00
3.011572163267127955e+00 8.350785336286392635e+00
2.808592304785674454e+00 8.442380616315062980e+00
8.351040734811256971e-01 8.198162310583503753e+00
-7.153724532863743768e+00 -8.161370517671648894e-01
1.067799469193168482e+00 1.034361756560701373e+01
1.677114574215919696e+00 -2.191235825147267224e+00
2.551929675118279395e+00 -1.349786982139249858e+00
4.877175765739361069e-01 1.025465462234560476e+01
1.079673176389166045e+00 7.585126372350273094e+00
-6.927344220506246320e-01 -8.820656975479963080e+00
3.569747600775450280e+00 -2.484514453393691369e+00
3.049244907343549915e+00 7.568738750673492888e+00
2.231847655418799370e+00 9.117086844921875155e+00
3.741692678381713044e+00 -2.840887051285292397e-01
3.191022636574234905e+00 -1.779069734563475613e+00
-7.958266830873139241e+00 -2.667194589577426278e+00
2.402069377369676850e+00 -2.323202357527510920e+00
2.031106083831276443e+00 -2.090176322861667213e+00
1.114441226102218963e+00 -9.741912455145355310e+00
3.522936684708625199e-01 -1.054060007324783399e+01
-1.317206664837752950e+00 -9.185976035358313752e+00
1.243307610870360236e+00 8.109651188295197599e+00
3.478220935151919768e+00 -1.345343652155726488e+00
2.144472157979214533e+00 9.046720924417046561e+00
1.427210187359653437e+00 7.976068564414898532e+00
3.146639336704061041e+00 -1.425739021982731947e+00
4.328235964389376633e+00 -3.864181505302449082e+00
-6.793346925346138709e-01 -1.018952344996064951e+01
8.663153949704431867e-01 9.439388728364351167e+00
3.589977531493422802e+00 -1.913727822290086200e+00
-1.835886763509970043e+00 5.321086809038291676e+00
1.870669984449861767e+00 9.950130435252265926e+00
1.938016625907639234e+00 8.021535697261551690e+00
2.500642304163715579e+00 -2.490368561679049186e+00
2.222359128650654991e+00 1.000165317427007672e+01
2.019476208627152936e+00 -2.640224321159361232e+00
2.427509106829019103e+00 -1.386050404517965129e+00
-7.154828920466185238e+00 -2.578696940985075514e+00
-6.367229365009532849e+00 -1.117317795312056106e+00
5.953393390141263897e-01 6.616516931930966905e+00
2.566940763107300238e+00 9.414236133052487077e+00
-7.238930829246419396e-01 -1.151669505152122674e+01
-8.775383141651937891e-03 7.743844094116588472e+00
-2.099497473729083019e+00 -8.419324268884764706e+00
8.506745776258538561e-01 7.306380426446052567e+00
3.595834612213054449e+00 -2.691445797221497571e+00
4.434980185358887717e-01 -1.027611232365073768e+01
1.459943684828638011e+00 8.825247239467433502e+00
2.588702978675620603e+00 9.252995870099116615e+00
-7.221872947120848707e+00 -2.467381447881273449e+00
1.997277847391112804e+00 7.147295613398884306e+00
-6.096164588787948979e-01 -1.169473814013628932e+01
2.317622137255766823e+00 1.018767059276487963e+01
9.981282230378981657e-01 9.345357965747762563e+00
2.842416624514123136e+00 -3.741661754614062474e+00
2.522915277811854651e+00 6.310564369555303976e+00
4.392278172112911605e+00 -1.972850404612433772e+00
2.750727721716459406e+00 8.461768772623136314e+00
1.131735136271580178e+00 9.791176987793100750e+00
4.841391754367887490e-01 5.135453608159471273e+00
-6.086666852192521127e+00 -2.049523157480364510e+00
1.921037740288609630e+00 8.719573891154494660e+00
3.069899807959076909e+00 8.760965417576988656e+00
1.442219088799207460e+00 1.006054790487662132e+01
2.671503889419741817e-01 8.991211631882661592e+00
2.544134437050517672e+00 -3.367226831679149601e+00
2.230947885912224926e+00 8.404644368152782263e+00
3.031275072681051341e+00 7.984741010683750417e+00
3.972256159893169158e+00 -1.830333761103606127e+00
3.429243218075948008e+00 -1.390800826782237820e+00
6.847165900200928856e-01 8.654049826873503548e+00
1.469639059433903716e+00 -4.837520202741140807e+00
-7.966208152207828519e+00 -6.597282296324863404e-01
3.436663278245391417e+00 9.566579986832186577e+00
2.138236127740011039e+00 8.034832504790006880e+00
-9.783407568999039627e-01 -1.011678563296922562e+01
-1.926580097790801194e+00 5.539702749463188525e+00
2.262094523544799340e+00 8.122459117635569825e+00
2.093977971257162896e+00 1.050737149935315173e+01
1.455839001651280995e+00 -1.025056580819036611e+01
2.888045329404913986e+00 -4.026365757031915571e-01
2.924275321767546565e-01 -9.799396585101570523e+00
2.140288793313479321e+00 1.159518214136481085e+01
2.461262375846925643e+00 7.660395693703077491e+00
1.327165026919239654e+00 8.237811381155800916e+00
1.679473810085094110e+00 -9.056132861955396018e-01
2.017157510227892026e+00 -5.568978000902842229e-01
2.592978015242866974e+00 -1.669978641339562753e+00
2.763536460280755946e+00 -5.498004368420008614e-01
-6.274688231512214998e+00 -1.133605419534300607e+00
9.495842282452794381e-01 8.490729392190466740e+00
-7.260405065755460852e-01 -1.110957689340448695e+01
3.428391967139761132e+00 -7.967942696399497038e-01
2.169769271119095233e+00 7.750789762062925803e+00
2.653339661692133422e+00 7.307482325696195602e+00
-3.024468450931769858e+00 5.062499726682313295e+00
-2.592298291982758407e+00 4.571914619996801932e+00
-5.506908380759302446e+00 -2.221741144851959060e+00
1.977637599308702310e+00 9.752005669039311542e+00
3.341704088417293050e+00 8.768023913122689805e+00
-6.494500761817079137e-01 -8.516802764402083170e+00
1.332094651293697751e+00 6.793531362021197673e+00
2.354535708789182724e+00 -1.380695100764987027e+00
2.313067522423304379e+00 -3.647051678155934784e-01
7.513911510416775297e-01 8.538336323632208291e+00
3.175151058419278804e+00 8.348479372100538143e+00
3.453369185410005038e+00 -3.673421535475061450e+00
1.890109665362375457e+00 7.764044214799633359e+00
9.633025550667426717e-01 7.810891418363677730e+00
1.657773917943666131e+00 7.988858021555930833e+00
9.284464599199599988e-01 7.109280251262505068e+00
-1.175944447900658663e-01 8.975491507342555408e+00
-7.284772581892027254e+00 -1.606599208155767178e+00
-6.914378939186860862e+00 -1.218028937083352581e+00
2.735126645192503148e+00 -6.418177614016749022e-01
3.370511792430770814e+00 -1.750386003878281915e+00
2.958347305357765133e+00 -2.309651833939596166e+00
2.683637842010977437e-02 7.795285437747934587e+00
-5.420424493484852224e-01 -9.178582393248877480e+00
1.371242419958469405e+00 9.087753726030751267e+00
4.341851295840100988e+00 7.677369780498899843e+00
-6.503894523121713789e-01 -8.088603814919311574e+00
2.412254644400049219e+00 8.150109755186585758e+00
1.158562900425150755e+00 8.599878774137426518e+00
3.158283637312414349e+00 -2.057802682168274888e+00
-6.811196032958605429e+00 -2.617229379711534243e-01
4.067339487511283380e+00 -3.080918898192086530e-02
-5.843013174912954355e-01 3.439095386424900980e+00
3.166841316855175226e+00 8.701330605938785823e+00
2.651395480804136007e+00 -2.005347366630445549e+00
2.540373945215106399e+00 -2.027495742668020906e+00
1.241574188363083309e+00 8.316854251205912263e+00
-6.329944899642294232e+00 -3.704564942940488104e-01
-6.377657103471425337e+00 -4.090361008855322167e-01
3.261986877136028307e-01 -1.022863742087008987e+01
-5.595086763886528480e+00 -1.017424760457453781e+00
-4.705385371760317792e-01 -1.099140050946940583e+01
2.408143581645635578e+00 -1.315096688673856873e+00
1.902484074087623434e+00 -1.891095728940078047e+00
2.447892700436103741e+00 -4.209320181954035789e+00
-2.631825216758687525e+00 -9.635102061118070438e+00
9.460359221569173416e-01 7.481188701769598381e+00
8.572318968920034088e-02 8.471596756451583943e+00
3.161373387868171569e-01 -2.610272051511964619e+00
3.240234117921807488e+00 7.961106224589376446e+00
8.362237605129894114e-01 8.732398614210994836e+00
3.853437729028785341e+00 -1.692095388309149406e+00
2.587506834718962700e+00 -1.910500119257785290e+00
2.573914532841594216e+00 9.802811023975863236e+00
-1.216553730765246311e-01 -1.046798594193246679e+01
1.384581221230392067e+00 -2.582323512737167093e+00
9.596188386630479794e-01 9.484257719131365505e+00
-7.626755829596922887e+00 -1.293946411068014779e+00
2.242489605701563526e+00 -2.291994945700560837e+00
3.123371391228611405e+00 7.904489727470092930e+00
-2.150933952672693827e+00 -1.117348959778241557e+01
2.747052704877686935e+00 -2.456937463535248778e+00
-7.115858243240172243e+00 -9.699131532829585733e-01
-9.338000925909337724e+00 -7.633468385468649142e-01
6.308478880180778958e-02 -2.062696797867413334e+00
3.808667238554247714e+00 9.084125691548218029e+00
-1.495246262612306976e-01 -8.914213101904266523e+00
1.472714333161033062e+00 8.312925068690823593e+00
-3.221422485362070987e-01 9.177705721162517705e+00
1.698399192481596653e-01 6.729307771481819245e+00
3.172749786389517102e+00 -9.341499042273329056e-01
-7.079639245907192624e+00 -2.147821369377282963e+00
1.857492386311529131e+00 -3.760944985033067844e+00
2.208911942672789674e+00 7.952212837492499631e+00
6.662609476016376764e-01 8.086195532318123824e+00
6.879216585451477517e-01 8.754860910497276549e+00
1.223270022340226193e+00 9.751077265690421214e+00
4.288666613569716901e+00 -1.461266309222331028e+00
4.052077003982802239e+00 7.229048451716719725e+00
4.591012689392839796e+00 8.019326826415644760e+00
-2.120212758034081268e+00 -1.116861819975138737e+01
3.695250532225759610e+00 7.792449205492642861e+00
2.774833287308249741e+00 6.614820245447301517e+00
2.276504663588566846e+00 1.001299960830780655e+01
3.996578553263638867e+00 -6.934114900972383477e-01
1.964881527943412420e+00 8.439510779195609658e+00
2.206681754492802572e+00 8.721732125664974689e+00
3.525540441096220334e+00 -3.116828269523129524e+00
-6.407689160297304731e+00 -1.672394790640387541e+00
3.671124466495917726e+00 8.679244879667946222e+00
3.163543395089792654e+00 -2.165327871744055166e+00
2.302626157925761419e+00 7.790049617619157374e+00
-5.758206490571947000e+00 3.400158656384639766e-01
2.867895214145989691e+00 8.748319376193665065e+00
1.172447161747423472e+00 -8.433135806763635500e+00
-2.045253481393394246e+00 -9.908452585476464236e+00
1.281256349228292679e+00 -5.518267312163271932e-02
3.416082112554557071e+00 7.863759441252527793e+00
2.515285544862413847e+00 -1.114328944711582281e+00
1.517283756235150216e+00 7.934170920432099372e+00
2.697516377336152349e+00 8.070254263814270246e+00
1.794791212522343749e+00 8.367434400344565759e+00
-6.236719860318379105e+00 -1.603381903932897146e+00
-1.440711811739682213e-01 -1.120056200383289280e+01
3.132073383231826824e+00 -1.669962696954565118e+00
9.221089352748134127e-01 7.748247894798355517e+00
3.128167914771843527e+00 8.165174014955297821e+00
-6.637431955968835950e+00 8.264719528973314411e-01
2.237801952731275801e+00 -2.864366348071190060e+00
1.346727571675925272e+00 9.380047867774072401e+00
2.212779437323322274e-01 8.380882312461359618e+00
1.666391049368955990e+00 -4.486316472368471864e+00
-2.829953837491674840e+00 5.423713859613418009e+00
6.158799776995307340e-01 -9.574740668658016318e+00
8.384504110586599168e-02 8.409418581384215940e+00
1.675322924930569890e+00 -6.684440028357983010e-01
1.198778041588766108e+00 6.527249054092741254e+00
4.927896625947520981e-01 9.088965220996813699e+00
3.015699391503418703e+00 6.280556183144550886e+00
1.730414455096903836e+00 9.028305100268132932e+00
7.111642521393850558e-01 7.998050742119614753e+00
7.713526119919600355e-01 -2.806305252235652858e+00
4.083756527554996296e+00 -2.878431396102340223e+00
1.513474625970854026e+00 6.691758009079874725e+00
4.099651293155378795e+00 -3.234292995323849951e+00
1.708697630821840008e+00 8.133558777600049083e+00
7.993076589844820834e-01 9.314597848319603912e+00
-1.358029470242593906e+00 -1.226619350544432407e+01
9.410144919733355318e-01 7.825421099022327631e+00
1.747527284716251295e+00 -1.402225165679320540e-01
3.202921316127034679e+00 7.553685824230244705e+00
2.231903315870299664e+00 -1.906835377022524369e-01
3.051739873986634155e+00 -2.724413259871884208e+00
1.304029240413958401e+00 6.550055117237221225e+00
3.401124973221945069e+00 -3.735329897623318907e+00
3.027547213628897005e+00 -1.975383981230080632e+00
4.338899816801129461e-01 9.288889332088219319e+00
2.123472646049075152e+00 6.914282420744500612e+00
1.818848054723660290e+00 -2.578509424937483807e+00
-6.961815505293981410e+00 6.269622640611032249e-01
1.600613608750601546e+00 9.297579247767385979e+00
3.069100371118631099e+00 2.894707127299400717e-02
2.160558168495423370e+00 6.244298293079731721e+00
7.467631043745763808e-01 -8.620916489628822621e-01
2.823298983804795714e+00 -1.928313343858395257e+00
1.874221552745323649e+00 9.155910788383110344e+00
1.596811580744391668e+00 -8.073082907326594171e-01
-6.550589825107743458e+00 -7.980087589828540606e-01
-7.980224707686311980e-02 7.426240926475683679e+00
6.147121609990027213e-01 9.505300436393241625e+00
9.814584454751617004e-01 8.514303475017984013e+00
1.020694040517416745e+00 8.754275069851063407e+00
3.248892077575485704e+00 -3.949696388460231855e+00
1.775944084463279671e+00 8.541745494297348529e+00
3.369082488234701689e+00 7.276939556073872772e+00
9.812864901907670800e-01 7.707309001437514517e+00
1.714964217284949743e+00 -1.060851431430052116e+00
-4.207993466973172225e-01 9.468582017290341213e+00
6.427995663433867524e-01 -8.825376731889612358e+00
3.872474561747113242e+00 -1.084321963172141690e+00
-2.048069932032769103e+00 -1.168523178436239718e+01
2.393258126630944282e+00 -2.116361934136503198e+00
-6.165559961202715655e+00 -1.291405901690606983e+00
4.503913296582058301e+00 -2.564161694115575152e+00
1.951775755466460982e+00 8.007132707523227921e+00
-6.381726923789265093e+00 -2.767032955753739643e+00
9.174568140125151094e-01 8.581240928432636750e+00
2.642842585054080651e+00 9.807666254493067726e+00
2.034738098614356616e+00 8.232164701359847570e+00
4.236908095984729172e+00 -2.160248494037739775e+00
3.444238492245621952e+00 -2.557406778867124864e+00
2.008268677522516477e+00 7.965998425083632206e+00
2.849117310244917434e+00 7.081615975114633699e+00
1.932725887083458494e+00 -3.243893354751347768e+00
1.471165244173781472e+00 -2.296202383326269025e+00
-6.711000488225410621e+00 -3.273713025808651089e+00
-6.223737693088387424e+00 -1.668484809095064803e+00
3.528274758608243467e+00 -2.351326965067212615e+00
6.420257449803008498e-01 7.994631883964775199e+00
-6.756503739561008359e+00 -1.267634349120798865e+00
-1.466025074812162154e+00 4.216734158873916449e+00
2.558039778070896553e+00 -1.598183232434988499e+00
1.753122366170650093e+00 7.749296718446999854e+00
2.691168062626696056e+00 8.373725267779105863e+00
1.629263232977984810e+00 8.620542756380519478e+00
1.815058564257888918e+00 8.013393981929317178e+00
2.573635259020084387e+00 -2.208942886333910227e+00
-7.961602106109173960e+00 -1.434024440097057651e+00
1.988532587183944322e+00 -8.630841014610519668e-01
-6.431962644589987121e+00 -2.190703180277419282e+00
2.224052161009812068e+00 9.767823910292008804e+00
-2.583729444432942834e+00 -8.122030544779555328e+00
4.096322418155784462e+00 1.001190963919618859e+01
7.826094709304021180e-02 7.624349419826098817e+00
2.394129368289764415e+00 8.211755723084452896e+00
3.098651472837864684e+00 -6.979063728612973083e-01
-5.948262388732072914e-02 8.139079024182265698e+00
2.633318274879909993e+00 7.684655475250328216e+00
2.881699314872574469e+00 -3.938184549587814054e+00
-6.987709459607669871e+00 -1.696789255899592730e+00
2.236085712790175428e+00 8.494082126633447416e+00
2.576987208645130423e+00 -9.470954069813097842e-01
4.122521261748532062e+00 7.461286744479394883e+00
2.166169586333892116e+00 -1.937394679092900862e-01
2.997980568425763437e+00 -6.197445210728489418e-01
2.280023392269937776e+00 -1.301585727500038647e+00
2.594657131453569132e+00 7.784436824661678855e+00
-4.961551076752177991e+00 -1.593435901643843966e+00
1.350791432133901182e+00 9.433798412876900130e+00
2.379904818621771945e+00 9.977329741013738484e+00
-5.838335652253509700e+00 -1.371922197028989876e+00
1.005393369404653736e+00 1.035040217071883717e+01
2.663652870022723551e+00 -1.018848150920679707e+01
2.030644789561849795e+00 8.371076664813356771e+00
2.130240969521263406e+00 9.684841709768015505e+00
6.313727986677171167e-01 -1.250287904795490590e+01
2.515412610588649844e+00 8.904581309534098210e+00
2.166058865215520601e+00 9.456631824353763704e+00
3.093642292781683789e+00 -1.133168334750897843e+00
7.920592638089549720e-01 -1.043527290676981689e+00
1.608565870439332635e+00 8.539528677539376389e+00
-5.728552219723331618e+00 -9.344755357794451989e-01
-5.218352189341548097e+00 -1.705633009437443448e+00
1.488146868792152855e+00 9.713149418564313464e+00
3.772342445535185274e+00 8.154977795114170647e+00
-6.545415473123101791e+00 -7.057957363842116694e-01
1.636185629639800521e+00 -2.526560784743837385e+00
-1.933898247785067470e+00 -1.003104093145560149e+01
-7.569758572988307677e-01 -9.864406045724809502e+00
-1.737865898005149345e+00 7.884353279631844735e+00
1.344958539601935676e+00 8.363302385361771840e+00
-7.814889944389257437e+00 -2.278287630967952726e+00
-1.775632051627484609e+00 -1.133796337418278277e+01
-1.721665122628291522e+00 -9.608941665260674725e+00
-6.962029893689937410e+00 -1.167113150471207339e+00
-6.925613393286635500e+00 -1.878342845169288289e+00
2.233089657646842863e+00 -2.286328459852985606e+00
1.518740161579867243e+00 1.030309504900265871e+01
2.411544050354923918e+00 9.162412502613713983e+00
-2.900906487539742784e-01 -1.871069594631897814e+00
-8.413847064626216010e+00 -2.477422746451682034e+00
-5.654741058859287683e+00 -2.722800794394196089e+00
1.834603973286410561e+00 -2.264613727436397994e+00
3.036251292951321012e+00 7.434455098268251128e+00
2.819759234604745313e+00 -3.135301028190261796e+00
2.098519340248194087e+00 -1.270698974029058625e+00
1.006139873288317776e+00 7.745336970359314677e+00
1.747397256812585509e+00 -1.606866239412623187e+00
1.714590006683821999e+00 9.273629235284717609e+00
2.581172529405186822e+00 8.842771359657382035e+00
2.905351774739884263e+00 1.029762171323215902e+01
-7.220976398070895197e-01 -1.208569396435348509e+01
2.590957799633797354e+00 9.712270527111675378e+00
-6.598890731289538181e+00 -1.589040369210532821e+00
3.028194179309927403e+00 -1.364825563169814959e+00
1.776865057458021369e+00 8.259213631100919883e+00
-2.486442957400857301e-01 -9.902747960331252486e+00
1.261820078468451900e-01 8.708432164212014825e+00
2.237684835410416184e+00 -2.768152608266247761e+00
1.712690561778283493e+00 8.978472869950872237e+00
2.384276199356648362e+00 8.708086617035807109e+00
-2.307913776709101583e+00 -9.606912348658338985e+00
3.975144916904654657e+00 8.570086488637254973e+00
-5.295300981617604208e+00 -2.274824165909146600e+00
-6.677824066747930942e+00 -1.328586415098220508e+00
2.101485628928346117e+00 9.880068642619470154e+00
3.068959397761390040e+00 -3.377666284998536383e+00
2.196549727299459409e+00 9.404505468631599641e+00
2.393267128524209308e+00 -4.153012140681711983e+00
-4.647187682423871813e+00 -1.864413689476619895e+00
-4.851283834018087493e-01 -9.301417577291688943e+00
3.874320792874051289e+00 -7.796322227873786481e-01
2.736758387703523976e+00 8.104389132618909031e+00
2.466182661985837132e+00 8.157745922043442732e+00
-2.136815867611430164e+00 4.468134565995153906e+00
3.078532885191772372e+00 8.052590152799128376e+00
3.269839790110030009e+00 -3.280298511172939691e+00
1.833678472784042945e+00 8.903528284208320542e+00
3.126442269371532579e+00 9.593662686712978171e-02
1.891429956181262417e+00 9.101128774042006597e+00
-8.932884756153880446e-02 7.000142773829704623e+00
1.728776198771395212e+00 1.024271828696366171e+01
9.969283132504251910e-01 7.755707063295550263e+00
7.919830558405349663e-01 9.805919102049468705e+00
3.833395604403422752e+00 8.983074287912016231e+00
2.964865809541669783e+00 9.942926366625176371e+00
2.122427006787639847e+00 1.027917898635795524e+01
1.097124788457427558e+00 -1.201867472191188035e+01
1.183611917913691247e+00 9.777806180452856211e+00
1.254838497420453836e+00 1.026990787078468692e+01
1.936587754446337684e+00 -2.341972501569532739e+00
1.582971598609069552e+00 -3.627905872406813614e+00
2.671507218950453844e+00 -8.555255459910686699e-01
2.060324879375455609e+00 7.637486557467834558e+00
-5.969216835047686409e+00 -8.616435488681037924e-01
1.122176145077238729e+00 -8.245448510002407971e+00
3.308687631801477735e+00 -2.313109088243078482e+00
2.322783263102120355e+00 9.512205339427392659e+00
3.665817350299570343e+00 -3.082167090496399364e-01
2.582909965420348453e+00 7.184227526163200928e+00
-6.147971791440776990e+00 -1.660053980448420452e+00
1.010068412056702947e+00 9.959792646154662421e+00
2.374412264832450603e+00 -3.388632007598406659e+00
-7.206404219670936584e-01 -1.066007309386152180e+01
2.358021242617783120e+00 8.647355488067786311e+00
2.244226652192245819e+00 8.992664516481850612e+00
3.589055753879974553e+00 7.609823107174769952e+00
1.728197293429959647e+00 9.202845934191969945e+00
-6.253045932671649432e+00 -1.567671575212303603e+00
2.567573365765550175e+00 -1.307945283718397800e+00
4.106171153047416311e+00 -1.460644445196787045e+00
2.657657675345987069e+00 -1.885563661172654726e+00
-6.675084596891611710e-02 3.955656377626219466e+00
-6.939913787357258279e+00 -3.127688282914669493e+00
2.254048429022892819e+00 -3.523946399262282814e+00
2.496965749923188760e+00 8.334770626651881287e+00
2.423924331446167368e+00 -1.776682265890143553e+00
3.427421372034800129e+00 7.737601662619239207e+00
2.350766738994400917e+00 9.404565070442098218e+00
2.253293103513773765e+00 9.642329117499592428e+00
1.630187412718241635e+00 -2.391698345133678849e+00
-1.246362502282349904e-01 1.019421531998973052e+01
-7.054848480736819027e+00 3.361961553740639985e-01
2.891934327687234241e+00 8.203261239543616412e+00
9.715543084134575791e-01 9.736684672760500092e+00
3.040286510552371979e+00 2.822604778792947577e-01
2.229764214245481657e+00 -2.609024271835023612e+00
3.144656407978011714e+00 7.952740610336330285e+00
2.701116893592551804e+00 8.309062565173368498e+00
3.027330422979550573e+00 -3.198961083449940013e+00
1.416937073060657859e+00 8.062750742099165535e+00
-1.726150082273911091e+00 -8.497078359034398787e+00
2.309546659853734418e+00 -2.806317865951118762e+00
-1.743906780880326801e+00 -1.099779278735090315e+01
2.926645064738797153e+00 7.426883783320583632e+00
3.366283818995674082e+00 -2.312679175144849886e+00
-7.665126423750383111e+00 -6.613366885818394714e-01
-2.018659208430996888e+00 5.173615990575015644e+00
-8.802081185968100741e+00 -1.398067404749740561e+00
5.400192071238203440e-01 8.818431136393806824e+00
3.146243411842139626e+00 -3.283518272028951746e+00
2.459618668226398075e+00 9.407419737076720523e+00
4.668084750021530560e-01 -9.613207544426520812e+00
-1.635741247857339653e+00 4.168113423140987983e+00
-2.953689973193291962e-01 9.014880448186222139e+00
2.489267061712761020e+00 -1.895200976481043798e+00
-5.858315527316223736e+00 -2.193545731258721432e-01
4.160158112260032404e+00 -1.779619684569436311e+00
4.299503426351096724e-01 9.055493192955260895e+00
3.057162126012845871e+00 -2.318705634318430686e+00
3.721844914767405310e+00 8.508212644774410194e+00
-8.100461921982821778e+00 4.549817838435776807e-02
3.524233535854413013e-01 8.173515391639877947e+00
-1.776859016270724290e+00 -9.001678050776490636e+00
3.885401041551408863e+00 -1.401031875192860321e+00
1.679995868244788415e+00 -1.392788734175293364e+00
1.247117361582368522e+00 8.328723605218810278e+00
1.884678324482386147e+00 8.531752707536149671e+00
2.434614656698088186e+00 8.316157467157252015e+00
-8.204880959919877981e+00 -1.549600930259940057e-01
3.835144393236045168e+00 -1.155146035196085608e+00
2.645903960988317039e+00 -1.160954025236440312e+00
-4.728722888492057352e-01 -1.026702429784537074e+01
-7.752236556381177923e-01 -1.068716923066024016e+01
2.196759817041329832e+00 -2.224726066864402885e+00
-7.585031693388386564e-01 5.078373672728520916e+00
2.433631297126561677e+00 6.366014961886852674e+00
2.653913234680489008e+00 9.705142125374811357e+00
3.814118144042946579e+00 -2.274516547593023574e+00
3.622160687333916052e+00 1.161485667257164778e+01
2.672979419771161602e+00 -3.984169759845472836e+00
2.251126572734246878e+00 8.524915936965012264e+00
2.994088640431898707e+00 -3.595533658051137227e+00
-4.379954491861872690e-01 7.185165401101255789e+00
3.316842835160319414e+00 -2.745129505078171661e+00
4.673786772279737711e-01 9.365341319580741342e+00
1.807644183526817772e+00 8.141581883222345439e+00
2.308340289569291048e+00 -9.964897970130081717e+00
1.104974439401519071e+00 9.269460742921729945e+00
-1.899389107565742307e+00 -1.047628575507056858e+01
-7.516565763466058758e-01 -9.572664379245349409e+00
3.097118978356843577e+00 9.215632229853078172e+00
1.376088002298255342e+00 8.795759437950462001e+00
4.579581922736175592e-01 8.565678132651903809e+00
-1.230323478256221126e+00 -1.064780467368961148e+01
9.062727982755732770e-01 8.885776053792984186e+00
2.889222952879145101e+00 7.929479776113211642e+00
2.217389341946029102e+00 9.383857030370029051e+00
2.044241049956283529e+00 9.024748066069117058e+00
3.079385535708301092e+00 -1.536301579253667171e-01
1.050804952860026065e+00 9.312572132314690165e+00
1.301033476257266397e+00 8.796515436970016921e+00
-6.803342051534313484e+00 9.717817363488898685e-01
2.070811811872057540e+00 -7.562638356391309102e-01
4.352660901651794756e-01 -1.065079736250654108e+01
-6.601786915441889114e+00 -3.434687905772437766e-02
2.029073154323800754e+00 -2.927724752030091082e+00
-7.461817555208306807e+00 -1.961436896744667369e+00
3.399584245694329709e+00 -7.030164398010740889e-01
1.238930181065067693e+00 8.707140969296656152e+00
3.020616498014948803e+00 -1.612790681071689214e+00
3.584853570888944851e+00 7.414091210732619786e+00
2.697033105773318340e+00 1.065614158096806108e+01
2.865238296863028999e+00 -2.506493852326637573e+00
1.595687387133322366e+00 8.498467946797632067e+00
3.551602759014755861e+00 8.695592882886854724e+00
8.432473907555395609e-01 -9.422020073304487875e-01
8.332696568184818631e-01 9.700389626660852471e+00
-5.875321678483154564e+00 -1.025190009144592018e+00
1.654547717469005752e+00 -1.871158763479108700e+00
-5.788615728095760637e-01 -8.479192964593696757e+00
5.166810513046333764e-01 8.322231719581916209e+00
8.182641560971244399e-01 1.055492737313787899e+01
3.735870938425465582e+00 -8.801319946884951229e-01
1.774089637542119124e+00 -2.254848906863362590e+00
-3.321695203361878512e-01 9.669272351112610409e+00
9.110901904196748724e-01 -1.067100796335701496e+01
7.761328023212143989e-01 9.551220798846175697e+00
1.368430468971931102e+00 8.456105182735656811e+00
2.176442226161703797e+00 -6.724070054279898123e-01
3.165772490674343409e+00 7.202743539368608339e+00
1.311903118093205034e+00 9.367266551948809195e+00
1.836429201502117969e+00 9.642191009221836140e+00
2.244811732357527401e+00 1.009594771352368703e+01
1.647941306095066283e+00 -6.884828355870946659e-01
8.794222422444004650e-01 -1.371313591791073039e+00
3.367764076655579863e+00 -2.027989914968021168e+00
-4.132407874170764828e-01 7.916862874957144136e+00
2.163119708391547213e+00 8.982084184228197543e+00
3.241620325486628040e+00 8.618968968415471110e+00
1.856618957755271637e+00 8.204104258429623542e+00
3.151668313314935244e+00 -3.172616743833726716e+00
1.328397203310485608e+00 8.544617081774037004e+00
7.411328965359502696e-01 -1.120722427200188998e+00
-1.426032993970260954e-03 -1.205826793779851513e+01
-1.122637481644678470e+00 -9.301854978389235029e+00
1.831432346804723998e+00 9.583062330920444793e+00
2.189535938053248199e+00 -2.354118705442427739e+00
1.466645431686429690e+00 -1.789224462733694176e+00
4.443482757232892766e+00 -7.448229796274605796e-01
2.623134988944789470e+00 9.330373380691117546e+00
2.582846247687189845e+00 7.842824131990923320e+00
-7.109037986293475164e+00 2.295043611197598032e-01
-9.464301126534968578e-02 -9.995079398943005344e+00
-1.370721328724971766e+00 -1.197103761900654817e+01
2.043786678106794596e+00 -1.054972243061221171e+00
-5.656089191447740916e+00 -1.412526153443546928e+00
1.426961921127014143e+00 8.022367104289934048e+00
3.581630266151814457e+00 -2.711281062004134768e+00
1.748021894603084103e+00 8.050463590817200199e+00
1.561785889890505263e+00 -9.542069617036387896e+00
2.354753288064449279e+00 7.992192853983284273e+00
1.059775225654687958e+00 8.378325032727943267e+00
2.807468932565586606e+00 -9.941972995818292302e-01
5.999679561110782267e-01 9.289104496724199578e+00
-1.497381123160015370e+00 7.167084080334273466e+00
1.973337220900061917e+00 9.349664809410665356e+00
3.678517940054908841e+00 -1.134548491734362674e+00
2.514649244786808513e+00 9.093098616663708000e+00
-6.929398825272166107e+00 -8.324182872796441757e-01
2.815689906734859527e+00 -1.856241031833682387e+00
2.684012802824587318e+00 -2.021090634331937252e+00
1.947545192786678037e+00 8.441121908924939632e+00
1.702606875863807989e+00 -2.081741572421131004e+00
-7.485078052917946145e+00 -1.543488856322869918e-01
-7.753878047258200290e-01 -1.093136860155243717e+01
-3.909778764385070104e-01 8.253299648142363054e+00
2.023834200680746598e+00 8.096559403968036861e+00
3.151974513183448234e+00 -4.151495992499666166e+00
1.278856975269195395e+00 9.101222619900790178e+00
4.263462632644156258e+00 -3.680251394349187244e+00
8.646427651845649542e-01 9.428225936020353970e+00
1.765541418124299655e+00 7.571689532089810548e+00
1.569415616118255752e+00 8.748006441129156485e+00
2.563572445881557638e+00 -8.958997124414886937e-01
-6.714996133862935146e+00 -3.559808086562667118e+00
-5.761775737913676032e+00 -6.400299042657371373e-01
-8.404682846518871653e-01 -9.644415543897110865e+00
2.677341295189441528e+00 8.971906889241624938e+00
2.257579751810862234e+00 9.189962741827917725e+00
3.132480870562639019e+00 -2.207756748829148297e+00
-6.812597690467979916e+00 -1.623713841368304989e+00
1.713375728523536923e+00 9.661957771370399684e+00
6.533043636137358945e-02 8.967058789962788268e+00
3.401604790242768406e+00 -2.669916515795058398e+00
2.157401856395606110e+00 -1.480203595348840384e+00
1.856394756444224026e+00 8.630432006044884474e+00
-6.064473363786557769e+00 -1.628419470864545415e+00
1.879705675940881449e+00 8.352794806043069897e+00
1.635462799479577178e+00 9.059613662685302771e+00
4.949513606157157852e+00 -2.617298966063911436e+00
4.006195884215554059e+00 -8.795451426128118033e-01
2.254020315163150823e+00 -8.766232339418156272e-02
2.748034028643796312e+00 9.952733035709631082e+00
-1.079947148042203153e+00 -1.089481207576142197e+01
2.283435741170840139e+00 8.970960377607983816e+00
2.187188874963458041e+00 8.860475850339573967e+00
1.287012859806694998e+00 8.506106897663853417e+00
3.466843044996664513e+00 7.447093647176291853e+00
8.784489865691177402e-01 8.751733712744329097e+00
-9.486010812425771377e+00 -9.445688740105441239e-01
2.508813097129108272e+00 -3.467390346445820448e+00
3.470408007017542928e+00 6.534792593314065812e+00
1.886479679584275759e+00 -3.455440745978797246e+00
1.622211263714195884e+00 8.690534417887135987e+00
1.966866778949140526e+00 8.502429115778141977e+00
2.604762522357983112e+00 2.565887176929968483e-01
4.187021908929937197e+00 -1.355780230220154925e+00
4.696411396123152393e-01 5.579076138958217967e+00
-6.922459720521736415e+00 -8.651488647005112220e-02
1.135552807873365433e+00 -2.502008126855053138e+00
-5.769023441502624472e+00 -2.963268476433921439e+00
3.002629080568404163e+00 9.271163365405413970e+00
-6.009854456703394021e+00 -2.303040511625331632e+00
3.247616959567730888e+00 -3.688407069706029162e+00
4.742838296215563076e+00 -9.920692354025774096e-01
3.515779652841461989e-01 8.747381764797340864e+00
2.517690963953444161e+00 7.968025604102547454e+00
6.079640782496456008e-01 9.053832630636360790e+00
-7.471775704473285984e+00 -1.167905686968728540e+00
2.569103387890403933e+00 8.466230618220642157e+00
9.738105601725125515e-01 9.245998851147552600e+00
2.252324253012183419e+00 6.704974885102441107e+00
-5.958739306498332944e+00 -2.047142224937102739e+00
-7.784326834545747253e+00 -7.557657453750241672e-01
1.614428151076433338e+00 8.053175525486189201e+00
4.504754103390350650e+00 -2.534226166379450529e+00
-1.597075728234571002e-01 -9.834180571257853387e+00
4.470095758602633751e+00 7.591142943326039116e+00
2.650985885801921960e+00 8.218064646457929001e+00
1.485491887477272233e+00 8.701167186075418059e+00
3.011647688805243916e+00 8.500497520572080745e+00
-3.222238570785949663e-01 -9.806555340748936089e+00
-1.556748978552101037e-01 -1.039444469291329831e+01
-6.265890507911437979e-01 8.934975884362785337e+00
1.333734502757206064e+00 7.941823913848067740e+00
2.474374919972935682e+00 8.280428655662014137e+00
2.702427893284602867e+00 6.549161766955448272e+00
2.626126535811311946e+00 7.316918102597518292e+00
2.980228853752802998e+00 -9.407116436694396011e-01
2.472395140044868711e+00 -8.482932192696626128e-01
2.657247356118189963e+00 9.804783372569005451e+00
2.914457710307309934e+00 -7.710170403825504781e-01
2.789247259190203110e+00 7.878087974181149811e+00
-6.280695281300330279e-02 8.249885533097492285e+00
5.824995302211988246e-01 9.928629251307581782e+00
3.424092675179647216e+00 -1.585501480107478045e+00
7.640766714497717604e-01 8.352641896472801974e+00
1.809050015926581656e+00 7.959563286733581933e+00
1.595729830830082241e+00 7.038784169470921448e+00
3.975924344364491159e+00 -2.336197738501427423e+00
2.265406238305422981e+00 9.313510685779153420e+00
4.935714303187457297e+00 -1.390450178266574355e+00
5.497326207564046108e+00 -3.685673994883014171e-01
5.068561589818045832e-01 -9.433969391835695717e+00
2.105758347480948256e+00 9.114014029309046805e+00
4.214435756520935605e-01 -1.006995875835247922e+01
1.835529022527769394e+00 9.147940203479684840e+00
2.256992820452973003e+00 7.427702632989929832e+00
5.590835144772214882e-01 -9.934836699305485297e+00
3.810707837754460758e+00 -3.327783415611546225e+00
9.947869709547003669e-01 8.959769029384151651e+00
1.422452039502545063e+00 -1.805402824936854111e+00
2.049038453148077643e+00 6.942797370523351219e+00
-6.172034120265073476e+00 -2.482974300843743265e+00
-7.727336388731337991e+00 -5.745716364522232000e-01
1.794077321621163623e+00 9.831827697895441531e+00
3.242076022553695314e+00 -3.226889020551757969e+00
-7.378641313264063806e-01 -1.089882091847404766e+01
1.179781556112988072e+00 6.655942226762340930e+00
2.656377508281718480e+00 7.146498407356060234e+00
1.890067807082933982e+00 7.324297250444892882e+00
3.393763195315725234e+00 -2.761856344516672390e+00
2.999619306204852620e+00 -2.299912197089443833e+00
2.687313373590904497e+00 8.828846039553239322e+00
6.007294558922564587e-01 8.983998506180899568e+00
-2.182539899545408169e-01 9.362189699131125309e+00
1.423275163851296377e-01 9.909572984728608702e+00
7.039034483340989024e-01 7.424855578832506353e+00
2.318137659963343644e+00 8.938571960628060253e+00
-7.092311802174902091e+00 -1.829273833458006537e+00
-7.207190859476719780e+00 -9.548175892250785335e-01
2.020512555800112686e+00 9.853435312167016846e+00
8.307221760043734804e-01 8.537567726525093548e+00
1.950231415668384205e+00 -2.054113927895612868e+00
-5.637054234063347824e-01 -9.605052734821571292e+00
3.040794000527108132e+00 -2.644712850756818945e+00
3.765177843943786407e+00 -1.452258140114948137e-01
1.640802024147442140e+00 -8.443977051350435303e-01
-5.582439661303848943e+00 -2.226667941608109658e+00
2.708551306327900754e+00 -9.878976959524609081e-01
3.816888161170387761e+00 -9.484924021049692122e-01
-8.046397546296280012e+00 -1.205147571498362380e+00
2.310655479632139020e+00 -2.076088192574182312e+00
2.385942390000020952e-01 -9.299243839380361365e+00
2.866863761624064644e+00 -2.675305841691872022e+00
1.036169333508780044e+00 8.032690959786753737e+00
2.332666465256096444e+00 -1.733141896188788778e+00
-2.368042771466872254e-01 -9.023171690124758726e+00
1.933475963355179905e+00 8.808348472977620247e+00
2.958522156514050483e+00 -2.099210274434430534e+00
3.823341937101027099e+00 -2.044462940863251532e+00
2.415937076290494367e+00 -1.550731189435069046e+00
1.407127392013731937e+00 1.003426311969682061e+01
1.387009986759079716e+00 8.110784198583209204e+00
1.741510865563409505e+00 9.043051324141028857e+00
-9.027353217491782544e-01 -1.062100518945707783e+01
2.320633146807110414e+00 -2.512589942286918010e+00
2.499573836730287546e+00 -9.603734006084887476e-01
3.333844796925264031e+00 6.839390640024589629e-03
-1.458941025413037051e+00 -1.001002694541784876e+01
2.019189534781229867e+00 8.527473022292404892e+00
2.539261400711560146e+00 9.355130846740337347e+00
2.896775240672304186e+00 -1.789852505002562655e+00
3.368465578427413121e+00 6.799409272043586583e+00
-7.657801419236408336e+00 -3.075331462506608826e+00
9.177402265848401131e-01 8.172444810820442385e+00
3.108392220749548684e+00 7.030406486907261332e+00
-3.084553275479962053e-01 -1.388894796173175683e+00
5.854724227400116554e-01 -1.133616414683532136e+00
9.781971976190739770e-02 -1.085160033366584820e+01
-1.217495231930487698e-01 9.189901222540381553e+00
2.618775245953341990e+00 -1.211586129107273813e+00
3.245087590313663117e+00 -1.422905599309788993e+00
1.177222799693500965e+00 7.344323713045066704e+00
2.614850412587852002e+00 7.330136930078230861e+00
3.419290837686780549e+00 9.349270804713544436e+00
2.671485414710316864e+00 9.305068441901063636e+00
-6.964718567190649523e+00 -1.101721071638693150e+00
-1.359801172843203343e+00 -1.099968145820367305e+01
6.572335393516814950e-01 -9.540598750668689121e+00
2.403715042144931147e+00 8.661896075258088246e+00
1.619768901674804917e+00 8.046321446841998792e+00
1.025804374009487319e+00 9.014387751578313512e+00
1.532580452034508101e+00 -1.520326495848553838e+00
1.751220362013214293e+00 8.886217835932626485e+00
6.429179200460333199e-01 6.335212629594797917e+00
2.343171782236727285e+00 -2.274960787585596833e+00
1.775996347279164000e+00 9.586275137363454490e+00
-1.410275119151194634e+00 -9.039674816341783270e+00
3.884861564068777362e+00 -1.517025429135162584e+00
1.622471250268811893e+00 9.376341314285875583e+00
5.190559956052809287e-01 7.341149284967240618e+00
2.954124087647380215e+00 7.906746613808298463e+00
3.583154088750400312e+00 8.384525993850354908e+00
2.054578240270744871e+00 -2.486993750023204441e+00
2.077495448364792718e+00 -1.170104633823007667e+00
2.723750409641726655e+00 -2.539052027465810379e+00
1.360296846199201104e+00 1.011849669080307379e+01
3.175798519062648761e+00 -1.072722009041083169e+00
3.001668483052454484e+00 8.074333296920967129e+00
2.910476524247485930e+00 -1.426044790878084667e+00
6.518203797073547356e-01 -3.643063614384121074e+00
1.425827841305787214e+00 9.307260922279553483e+00
1.623751541626759609e+00 -1.180809376131155108e+00
-5.569552248287313212e+00 -1.668166008307179649e+00
1.169157542326982213e+00 9.398431580962872900e+00
-1.827310351875987227e+00 5.877311253439152061e+00
-4.780756466872620791e+00 -1.487862689340713196e+00
-1.512822799996851320e+00 -9.814930559948397359e+00
2.494925686665506959e+00 9.205324514398672164e+00
1.512844007642175193e+00 9.745816784280066258e+00
-1.189723572192198375e+00 -1.179671482830338647e+01
1.303535315747295087e-01 8.821224256395227670e+00
2.951811050925547519e+00 -1.670032168831476760e+00
3.012603359475408915e+00 -2.224968282181114532e+00
5.007946990651306329e-01 -8.536238464550809368e+00
7.804208727397901058e-01 -1.917661291559149772e+00
3.240309283797965456e+00 -2.281291372924401539e+00
2.725152549674347835e+00 8.993654994630816191e+00
-5.071347375212597042e-01 -8.046213399028092184e+00
-2.927236200015574386e-01 -7.673857114609541341e+00
1.591747880070099708e+00 -2.118769606440427555e+00
-1.206615845811788823e+00 -9.586400098200297037e+00
2.962842779875091370e+00 -1.932974585580403248e+00
-6.903139593728288226e+00 2.846488209466357944e-01
1.022018832387912468e+00 9.098868811873433771e+00
1.199725653831401839e+00 9.127857504036182235e+00
2.299199775059435513e+00 8.513953733534087576e+00
2.125439494012271169e+00 -1.194145894114440942e+00
2.155650959313176074e+00 5.124208584690199686e+00
-8.265387912026408657e+00 -5.734936050552068565e-01
3.080235670576811025e+00 8.044368777074572208e+00
3.071536428491532966e+00 9.489506205536192951e+00
3.165699992226362447e+00 7.179015157233256339e+00
2.924256297125302773e+00 -1.168295131892346683e+00
1.901815700252800667e+00 9.632777625227010532e+00
-1.867249538421617228e+00 6.793721178732399224e+00
3.890539772113366546e+00 -1.553383180105976091e+00
1.166481039656994456e+00 7.494183225340670162e+00
2.336438737603488303e+00 7.652599607231298506e+00
-2.578999396551638235e+00 -1.026055857255977877e+01
2.165865376283443666e+00 7.572162254089159994e+00
-7.062863040721239827e+00 2.057877528625580155e-01
3.282216083191847211e+00 7.714998905807440188e+00
-1.292460250178573133e-02 -1.796759525812821501e+00
-2.255702530802324857e-01 -1.016189279753818475e+01
2.111558543400446908e+00 -4.176620447601417041e+00
-5.286303674374686068e+00 -3.195904792063666733e+00
2.647106489668412888e+00 1.849302763955487094e-01
2.839931244311214797e+00 -1.920778102808968324e+00
4.669917145632151545e+00 -3.183807585586248656e+00
4.026149678006833099e+00 -1.840361389902954059e+00
-2.472552703119698103e-01 -1.080355258326432200e+01
2.385077815645766819e+00 9.153970633398014201e+00
2.428771389270004022e+00 9.041270078360563289e+00
1.153556074330911674e+00 6.906725148288695770e+00
1.929214701143611377e+00 9.979935527937726647e+00
2.012835571148191338e+00 8.248705873760073359e+00
-8.103428652484366168e+00 4.177544939982686945e-01
2.886439808313804534e+00 -2.612267100107270146e+00
3.212416780189937704e+00 -2.120696042224255784e+00
-7.160461837390937667e+00 -9.198805022380094343e-01
-1.153683088595142570e+00 4.853664895805818169e+00
4.800332102226625430e-01 9.956455583565203327e+00
2.265187527788956601e+00 -3.290036211354467888e+00
2.672366793761526971e-01 9.893350122949655656e+00
1.641468684314484783e+00 7.866691998595054969e+00
1.890919768575036963e+00 8.937718987268375770e+00
-1.587422023138847393e+00 -9.899885235473581346e+00
2.612829595528217030e+00 7.968625315796812991e+00
2.180820591505182815e+00 9.556714864130537279e+00
2.839599241461341350e+00 9.362069499745297563e+00
2.400316496594545601e+00 -6.665775494662364853e-01
3.661071361007142144e+00 -3.149772360777538083e+00
1.586006360311025709e+00 8.956874956720186631e+00
-2.363229029739440268e+00 3.543110813466126885e+00
4.372831636245104292e+00 -1.922426830402260256e+00
2.095673576100522517e+00 8.115035313357015667e+00
-2.383810798239497153e+00 -1.058018159115619383e+01
1.479118847751879073e+00 -1.462824066498654929e+00
2.333015704020521053e+00 -3.614846390704758328e+00
5.014474580001792248e+00 -9.448503993799508560e-01
-7.802227003144441397e+00 -3.227417643295983574e+00
-5.256091450271158649e+00 -3.382070275166657591e+00
-2.822405331193380995e+00 -8.665935845521874015e+00
3.454743339674469560e+00 8.886671162727211026e+00
2.203691986934393832e+00 -2.865799571728698591e+00
1.155792800938973519e+00 8.929120539626469011e+00
1.235782806428444625e+00 8.091558215873014603e+00
-9.975294453639540482e-01 -9.421478559966260491e+00
-7.263888075219154139e+00 -3.745549624323596394e+00
2.407189402046162385e+00 9.384508606320531854e+00
5.006996415574931358e-01 -9.154499992266636355e+00
3.652605735154438094e+00 -1.135211471282154605e+00
2.527933306784195810e-01 7.728789111629575714e+00
3.111102899173955549e+00 7.498644868643216554e+00
3.426277216683795146e+00 8.706932964491848281e+00
3.630337928440315665e+00 -2.005959310188343281e+00
7.645401389812340742e-01 -9.264522855101983367e+00
-9.736272411854770326e+00 1.220249791047922638e-01
-7.531367048921833174e+00 -2.663242354924385324e+00
1.857059521400346691e+00 -2.220141464789224806e-01
2.754246195544153064e+00 -1.736501617269506914e+00
3.768418536132345231e-01 9.440981821785959127e+00
1.142120437578458159e+00 9.706486953245390126e+00
3.538818655897520760e+00 -3.990760188362479699e+00
2.190007099361541254e+00 7.332451805434089032e+00
-5.868803765259769989e+00 -1.032822670540153753e+00
1.318246895644711092e+00 7.511888801503094015e+00
4.989163687383013635e-01 8.033572056671172135e+00
5.218324314270342157e+00 7.615135273849602981e+00
2.773992742654027843e+00 -2.069598210011016182e+00
2.048942114155592797e+00 8.466752381198780597e+00
2.550798909077980348e-01 -9.959009364313518020e-01
3.018587907492084721e+00 -2.392965502373942677e+00
1.150877928492326951e+00 1.042091785328875808e+01
3.030383600958273860e+00 9.040800023086401183e+00
4.110674242978198833e+00 9.778987631762108279e+00
2.490407427009357910e+00 -1.300594837182542651e+00
1.338822573130808102e+00 8.481137334784952131e+00
1.787721458387566464e+00 -4.757889359263698381e+00
1.508049184041503343e+00 -3.668977133218128905e+00
2.709909781551095076e+00 8.773435081348244680e+00
3.448100346572473551e+00 -1.584822150437753763e+00
-5.471429733729511469e+00 1.809780136854051147e+00
2.210399039182719516e+00 -4.600794241821606345e-01
1.170134205918010650e+00 1.034528662343779359e+01
2.378148654757651137e+00 8.686797714058096531e+00
1.232278681545089905e+00 -2.456503445691560650e+00
1.337372596838257488e+00 -1.742514809944316401e+00
-2.277790643985428964e-01 8.422418312684039066e+00
1.746921705659008284e+00 8.658451878906653576e+00
8.183500260800447013e-01 -1.065660589489985632e+01
-1.331299052601218280e+00 5.741370460959521971e+00
4.569376994380842660e-01 8.107876619325329770e+00
3.484862946813567230e-01 -1.040007957890904322e+01
1.700124351285825508e+00 -2.124804838732679890e+00
2.567570183541896256e+00 8.019119726066683995e+00
2.058292643910261344e+00 8.249244806580987799e+00
4.731565315623505796e+00 -1.799995063114296912e+00
3.351245605483603729e+00 -1.165055337096987387e-02
-7.255420214789831235e+00 -1.436046577357448228e+00
-1.220623175850392483e+00 -1.146455085639762750e+01
-6.140767485720396657e+00 -1.667855202418266902e-01
1.021757889670116271e+00 7.858723653712005763e+00
2.512929899243642851e+00 -9.981041032814436109e-01
1.978626826241964398e+00 -2.289647239261839218e+00
6.006344963791432345e-01 7.354414139556801899e+00
-1.707687033070562466e+00 -1.029712855198070898e+01
7.168397600291485094e-01 5.319185141751543000e+00
2.297108411524465765e+00 -9.286093641929027420e-01
1.288942762949541798e+00 8.991494531390165079e+00
2.143072394037251804e+00 6.790008730809306670e+00
2.098508347877799274e+00 -2.527633400814589759e+00
-6.425926220553388468e+00 -1.702465504372313365e+00
-1.339519981945713756e+00 -9.791394746022785256e+00
9.224525356810738819e-01 9.160205786111250248e+00
-8.393533039611718038e+00 2.557524498544923031e-01
1.228758726910380794e+00 7.294699456503156654e+00
-2.384777100233010039e+00 -1.059387852659629559e+01
-7.643986142883655965e+00 -1.177512250519800574e+00
-3.785768891040630635e-01 -8.233154412393325572e+00
2.321742983196539711e-02 -9.936587865919912943e+00
1.302580474094805707e+00 8.603190845940428488e+00
1.836275809233739453e+00 9.022560668328230449e+00
2.075118461488246524e+00 -2.012211141809109094e+00
1.060240846645752466e+00 7.968195815735632515e+00
1.183451401083408294e+00 9.633228782184778183e+00
9.196477293544516041e-01 1.038645043712615923e+01
-2.288865980571015424e-01 6.822022596435592945e+00
-8.095316479720336744e+00 -1.719293947397705802e+00
-5.308345266619350689e+00 3.569830933362698744e-01
1.043847219052215225e+00 8.783678420585898650e+00
1.088832992938024269e+00 7.518552514034480438e+00
2.776460258097239286e+00 9.722975453427896042e+00
-1.390590508247341539e+00 -9.598904043534286501e+00
1.642699363763419518e+00 -1.695411001487659108e+00
6.549206833787797333e-01 8.943580188118790630e+00
2.822106111550987340e+00 9.640451349470929188e+00
3.536319183905767716e+00 8.003025755578391909e+00
2.811990035709380109e+00 7.149950839949365644e+00
8.827700889561124198e-01 8.703894224251015999e+00
3.989806284615363019e+00 -2.335421719520798689e+00
4.263511078706792468e+00 -3.163304658659136237e+00
3.703425448562949196e-01 8.929149103613736926e+00
3.161563265218973573e+00 -2.571105819215675048e+00
1.776936700012214487e+00 -2.361509917375780532e+00
1.945792032464964016e+00 -2.062794779408617440e+00
8.710468001407145611e-01 8.680603819914548325e+00
2.539629179315748164e+00 -3.205841134109258750e+00
3.638442053759418204e+00 -1.447307431909974351e+00
2.878007644605205417e+00 -2.460616840913666170e+00
2.451435021832959471e+00 -2.199118234751240131e+00
-8.495277434481295131e+00 -2.885344465944037484e+00
4.076593969853146149e+00 -2.622623805482065418e+00
1.249492519202988650e+00 3.538742113665076516e-01
2.286302387578692752e+00 1.029411912358152925e+01
-3.815251279244455951e-01 9.355531633471590780e+00
-7.458914697554381856e-01 -9.743908483527585318e+00
2.822011108362019183e+00 -1.375139895377665900e+00
3.084871131406494271e+00 9.372252587853756367e+00
2.125244805318578400e+00 9.478506314905814634e+00
3.912731179627392031e+00 -7.031904772351169619e-01
-5.791130119894523531e+00 -2.634801586586342115e+00
2.953804646028760583e+00 1.612323429418571763e-01
1.299584334808044916e+00 -3.351349815361573725e+00
-7.313930953763702725e+00 -1.403481128694292313e+00
2.042906555894889120e+00 7.094611380487046759e+00
3.022033791930955005e+00 -1.632651501637814029e+00
5.135264266914441045e-02 6.857670784617341475e+00
2.418713956219929795e+00 7.849040655550289181e+00
