3.404728908761678774e+00 7.263286600187275788e+00
7.064562346947621307e+00 1.864249996799288045e+00
9.986891559994939271e+00 8.275715487451465791e+00
8.595596821427363921e+00 9.308978000425814914e-01
-3.965666940208316671e-01 2.307732602021471457e+00
9.728849781369607541e+00 7.057251576001131177e+00
1.045358309818790588e+01 8.207631510791809859e+00
6.873950596776534638e+00 8.458053805764567556e+00
-9.160632512935433791e-01 2.449353969867872571e+00
-4.152091597995746675e+00 -8.922818780287408158e-01
-5.461359478655332111e+00 -1.325705703313686756e+00
5.269063736128643427e+00 -4.659613452076756257e-01
4.156287853522411258e-01 2.152467055164100529e+00
9.599698313526349835e+00 2.254657377600432611e+00
9.503212029054285637e+00 9.576754663217178276e+00
5.157048822053740267e-01 2.008272044877044138e+00
-1.639763330116585704e+00 6.414838185532319770e+00
2.052204967356853205e-01 4.318841234131205908e+00
9.706703319278915387e+00 9.070950125253189000e+00
-6.321078557753181393e+00 -5.183200599190400659e-01
-3.628596804882063154e+00 4.781157302973073620e+00
-5.575272320502661749e+00 -1.592189544518128219e+00
-5.706813575111026715e+00 5.062911445530807519e+00
5.758682536914474070e+00 1.181482802529685294e+00
2.844469492665435695e-02 4.613959800373797826e+00
-5.246599591908823079e+00 -1.970086886661986725e+00
6.316443537440765255e+00 6.220746241789532505e+00
-2.508430285009589422e+00 8.700199656685361660e+00
-5.868297896624627974e-01 4.404887005983154857e+00
9.983121343116502899e+00 7.155350021861948129e+00
-5.941820615098659886e+00 2.462609709973346828e-01
-5.806540012091896408e+00 -1.645437545254644363e+00
-4.193419338549639441e+00 5.647929864324091831e+00
1.051069469818990321e+01 8.757751963664677675e+00
8.690135183116273865e+00 8.407990638051371590e+00
9.145265794132523496e+00 1.260065454758351189e+00
6.243534442689680830e+00 5.038560008177158656e-01
-3.001969747317684956e+00 5.001128669698149842e+00
6.746054473998849055e+00 3.842545112072367486e-01
-5.920780907136824034e+00 -2.804092653480505959e+00
-4.976961851382387891e+00 -1.088605306404061279e+00
-3.400802014461751233e-01 3.881847382701243632e+00
-1.848674815857590525e+00 2.919496091656424319e+00
7.671379417125256950e+00 1.686962521031198925e+00
6.270674922774290838e-01 4.248366500571678195e+00
9.238596380662974283e+00 7.705957280050941272e+00
-6.017626240596872123e+00 5.966067146445077629e-01
2.273691588474668013e+00 5.375536483620757089e+00
3.472730017480060383e+00 5.631746887948477109e+00
9.857472293146560816e+00 7.994718993002667418e+00
-6.170514539697636636e+00 -1.760694325066098687e+00
1.008585774991152562e+01 4.562520420443158642e+00
-6.280866910616865972e+00 -2.103494798944768318e-01
1.020965115918384036e+01 8.650561311356437244e+00
-2.127498163075716153e+00 4.184859721987931103e+00
-5.331967027562215300e+00 -1.012901162417517043e+00
-1.706951009855674828e+00 2.924479262586729966e+00
-2.429271052587565372e+00 8.645577290729900000e-01
-2.386936793687784775e+00 1.014573042979213113e+01
-5.630665195839578807e+00 3.862334952598423854e+00
9.864845556553298422e+00 8.981147720093924036e+00
1.031054172629615451e+01 7.747126481944757614e+00
6.052223149244478684e+00 7.499502232193096418e+00
7.971843891411098504e+00 1.896505236822388252e+00
5.691611027435330428e+00 5.176065299044767976e+00
-5.187711379816589918e+00 7.587643122909017990e+00
9.161099456630221738e+00 3.202531599401778895e+00
1.901453342768569810e-01 4.203139597653951398e+00
1.015555543832636864e+01 2.127187258007086967e+00
-7.176214285598689901e-01 2.753649109217553015e+00
6.293602490120133730e-01 5.079706044408388799e+00
-4.809512129979516715e+00 7.848108578669735991e+00
-4.741548173202232874e+00 -8.805294067173868866e-01
3.774592199114199076e+00 5.762588902036995364e+00
-1.134466976443015751e+00 4.771275431196169592e+00
1.008953932357740157e+01 7.890090302148912826e+00
-5.051538560027267977e+00 5.013673931899266911e+00
9.289742364414369291e+00 1.823285756594263063e+00
-5.033635420683967077e+00 -2.124437626795981693e+00
1.192756306449765091e+01 9.695867891170111719e+00
-6.056959744353256347e-01 3.536335446989258280e+00
8.237624276929160771e+00 1.276016102600679991e+00
-5.227262375516136039e+00 -1.217625756213095656e+00
8.955257470109746265e+00 1.880950713423155118e+00
3.895246087636483168e+00 8.412297883642214202e+00
4.292082640234789359e+00 7.795504254842059666e+00
-2.920846052190698483e+00 5.447377259568783714e+00
-5.596358862065827999e+00 7.468446928607955115e+00
-4.788248802739575538e+00 8.637622797120105833e-01
-1.565057074888188460e+00 3.382630412420663646e+00
-5.737871258046705059e+00 -5.433478208910943463e-01
1.121184709844466632e+01 7.242689589982530762e+00
-4.597578019437693619e+00 -1.841791017654817120e+00
-7.564287263487327051e-01 3.230098337754914173e+00
1.626072055243545922e-01 3.928631868670225291e+00
-4.555629270529625963e+00 -9.551018411181111389e-02
-3.241391641662158207e+00 6.112938718048463116e+00
-1.383374624334281489e+00 3.059513407385611394e+00
-9.998076791378112116e-01 4.804195266044159141e+00
9.388429356944966386e+00 7.397037292121740215e+00
-2.945096595760065661e+00 6.465127114602267078e+00
7.200360379368369479e+00 2.128062363754752440e+00
-5.423954305698260647e+00 7.702954327101696475e-02
3.822613401449511006e+00 7.267918583998493887e+00
3.162507278108001030e-01 3.714498683895229192e+00
-4.515382155405727183e+00 5.460890260318966405e+00
-6.692830195888250344e+00 7.027950410148749327e+00
7.554193689854619365e+00 8.350526164281657060e+00
-3.904187918113700917e+00 5.481859243479727972e+00
7.261541131059540355e+00 2.711183515234807828e+00
9.871471776347302551e+00 8.234652133128346208e+00
9.228775467662485354e+00 7.301178449365242074e+00
-5.054072996810878848e+00 7.013365482695522957e+00
1.070620407885656711e+01 6.296127962357424224e+00
8.829890402455795595e+00 7.349756694185899164e+00
7.734577987551702449e+00 6.607990399784007707e+00
8.437867251976989280e+00 3.053614587862054641e+00
5.299334275784040038e-02 3.260402802929504240e+00
-6.278101301984351679e+00 -1.170288144682901432e+00
6.073700856952743976e-01 2.105517826596646991e+00
9.031680449936787980e+00 7.515684774377144883e+00
4.791873671344224483e-01 2.376796915681564037e+00
-6.531901655821585884e-01 2.263067197380539852e+00
-5.521094476124734030e+00 -8.125366355573180321e-01
-1.019091784769124986e+00 2.731992348520380087e+00
3.046519530210616278e-01 3.986687316133444625e+00
7.741746865036533976e+00 3.520577254855707938e+00
-9.816052012497340495e-01 4.244221261081510654e+00
-3.892264102499957690e-01 2.912305893498788656e+00
7.054890818540164865e+00 3.799025745185113934e-02
8.018721514750277279e+00 7.374076960188193475e+00
3.177773397154450397e+00 5.987566144617008312e+00
-5.121154740086090840e+00 6.536982466699014616e+00
-6.836246588464273799e+00 2.838464056212277598e-01
7.792826331820189800e+00 2.150692237099729009e+00
-1.546923415503955734e+00 4.430411011392208387e+00
-3.527171883333009905e+00 6.290056019431702339e+00
-6.129271544146294382e+00 7.086247486397723172e-01
4.808009525139408602e+00 6.700825852864125132e+00
-2.267541352198344740e+00 6.270581709436520157e+00
9.983734109461966710e+00 1.553014008660919432e+00
-3.771685630197876726e+00 4.543701343443337315e+00
8.744535807766453672e+00 6.828458512770708921e+00
-4.356249023613148807e+00 -7.265339369116287083e-01
1.027436723902942894e+01 6.859098030151359104e+00
9.238650915722994128e+00 6.942651125982689742e+00
1.007143367981509208e+01 8.030883713056011786e+00
3.482240235444710841e+00 5.186210186095804531e+00
-5.606989576587717572e-02 3.541909076117428334e+00
4.637138268941565222e-02 2.213602015030813774e+00
-4.112717251250289863e+00 -1.704497670968756706e+00
-5.023691201864344258e+00 8.990168192476705400e+00
4.669224719080157016e+00 6.305862218674533004e+00
-1.899034713498878535e+00 2.129063775534211000e+00
3.722755952166068916e+00 6.253600580694644862e+00
7.147996035972434825e+00 2.145939391217904557e+00
1.278319583527367520e+00 5.739184841750319954e+00
4.135248062841753836e+00 4.962951596892973605e+00
1.034744992561341981e+01 5.897837313457060304e+00
-7.220806900439175280e+00 -1.912666593033657492e+00
-5.863146092523783715e+00 -1.549891098833277248e+00
-7.757591652897521950e-01 4.336688810983286402e+00
-9.917078900728180102e-01 6.937873961551908053e+00
9.671999008629079686e-01 4.259759649732396625e+00
-5.741026082266085240e+00 -1.795184166449320662e+00
-5.138836511185342459e+00 -2.596872586789027437e+00
-3.793890087831600422e+00 -6.571009476199345389e-01
4.908448546780016741e+00 8.040623620679841821e+00
-2.500488457812404697e+00 2.093103817402458766e+00
-1.493114405295214331e+00 3.796924907516297409e+00
-4.672072825474288926e+00 5.047924392847809472e+00
-5.465099594807714567e+00 -2.475347501932357863e-01
-8.081681392972588363e-01 2.468052955040227925e+00
5.588733230780885464e+00 1.083825870114373036e+00
1.049234379582932597e+01 8.160124368684199325e+00
-4.445026658879292825e+00 5.848450795057736684e+00
1.084636392272504635e+00 2.893621003502088396e+00
-4.460653785545557248e+00 5.420751855242183836e+00
7.458975444139314348e+00 2.991170159013751384e+00
6.603426901186393305e-01 3.025619541618238983e+00
-1.083519542207381559e+00 2.840880638803296332e+00
8.103607433589559150e+00 4.824154863536980642e+00
-4.605065389178897295e-02 4.419567640708882195e+00
-1.863755975843570667e-01 3.423530476240744136e+00
-4.143750656760384565e+00 5.444250669028416922e+00
8.015576067187749842e+00 3.350912955830591233e+00
1.031720572367006383e+01 7.975978386271569853e+00
6.067231665837805821e+00 5.755063289651266345e+00
1.005526088889400427e+01 8.746158212752455086e+00
-6.462010771771444340e+00 5.650461705695596137e+00
5.469989977812658388e+00 4.733948517020111879e+00
-1.459545151575839306e+00 3.282275993497732358e+00
7.929406631093486979e+00 5.878849294448662555e-01
3.096734978350722756e+00 4.742888763249221817e+00
-9.212582699085911653e-01 3.723274733988473528e+00
-5.923320325035300371e+00 -4.025553282302801184e-01
-7.925832905461277278e+00 -2.443412362708556884e-01
7.652661327367240141e+00 3.488059834214707777e+00
-3.047876025666115485e+00 5.584266672879826032e+00
-6.682689902012901584e+00 -1.447913317736437389e+00
1.113202745462535148e+01 7.909942475868263934e+00
-6.756517339308231174e-01 3.513288488905451423e+00
9.841411554214747781e+00 6.280470056932542455e+00
1.016345477154659172e+01 8.265585144584646216e+00
7.973831674562766203e+00 2.928032210791947865e+00
-6.715373404169343807e+00 -1.392059428828345879e+00
9.826412292570324780e+00 7.114344187929669161e+00
-2.138166908005250555e+00 4.595001613755075986e+00
-4.736998510535698870e+00 5.550297167393376085e+00
-1.281402670644004926e+00 4.065766147526014507e+00
8.654567705424780044e+00 3.579008093457022088e+00
-4.254952563865612269e+00 6.647193035027812336e+00
-4.406387065130843439e+00 -3.847172365784069514e-01
-9.373274391367591996e-02 3.746253874730124167e+00
-6.931211783204630272e+00 -4.679536376915052753e-01
9.513113397281232508e+00 3.414127857511379371e+00
8.564469529728738095e+00 8.146592393171447455e+00
9.774350667635522072e+00 7.859223572311203831e+00
-6.066878249581511895e+00 1.757183706865114381e+00
1.005546781793380440e+01 6.486473059719287448e+00
8.520333329341568174e+00 4.555845097446566960e-01
-4.638930122816599777e+00 6.898224939265973354e+00
-3.382767476470147083e-01 3.934251048257102479e+00
-5.266586366355610949e+00 -1.079254089821334084e+00
-2.007461242380581545e+00 2.229043645057410927e+00
8.171360772397282091e+00 4.047467802692446881e+00
7.489111355087484156e+00 6.407309589522540705e+00
5.777104038232701022e+00 1.975587559968820406e+00
-5.390971626233093339e+00 -1.347699637742915124e+00
-6.243864394799989448e+00 -2.765915598482413973e+00
9.596642748176837046e+00 7.748296317782382481e+00
-1.675197329048982331e+00 1.877371458361881018e+00
-2.279683634360948119e+00 2.789394550906178605e+00
7.730066708345871618e+00 4.874837076909078748e-01
-1.722132727358501869e+00 3.702260057643062652e+00
6.522721574437492009e+00 -8.425927262919434835e-01
-1.870625620032724701e+00 4.184703557448000488e+00
-4.065790092496690100e+00 4.845920242646881704e+00
-5.560215081988429731e+00 3.896149820655444795e+00
8.182196917846489725e+00 8.841501093255391908e+00
-3.708070981613667882e+00 5.166359669906144703e+00
8.114403297364340517e+00 3.393655903971541044e+00
6.066840297207475530e+00 6.559817321495410525e+00
6.132646107069499308e+00 7.857472431319818540e+00
9.578750261318520032e+00 7.485360993819631048e+00
1.045934416457799010e+01 6.023916855373573576e+00
3.586119101790866459e+00 5.504903186784879665e+00
-6.002005802522574207e+00 -6.569997940679603854e-01
1.119731763703702399e+01 5.651949294803082502e+00
-4.934285225554691401e+00 -7.392656344754581221e-01
1.593403922902600245e+00 4.388729311450347836e+00
-5.699931567206107275e+00 -1.704321789357340355e+00
-3.398623407340908287e+00 4.683763255542390258e-01
-4.681521726556232998e+00 7.545801585532448286e+00
-7.745043995083440436e-01 8.220362826950843527e+00
2.838964160774073431e-01 1.619380035298235265e+00
-4.745810576423627580e+00 4.985383702129090544e+00
-4.433814716865767114e-01 2.594895645438457077e+00
-1.988714241194743826e+00 4.173546480740663256e+00
-3.248499550447723649e+00 -4.447295088801614948e-01
-2.268696294932829538e+00 3.658130870689070058e+00
-2.530079727080662089e+00 4.083491139263502490e+00
-1.062925017796829685e+00 2.460438702531290822e+00
9.171004764656323971e+00 4.262334332388924452e+00
8.804727162025530518e+00 9.176437172368827611e-01
7.196574640294734593e+00 2.357646981163346922e+00
-2.472438749141109948e+00 4.028889554707924425e+00
8.506191922659894544e+00 3.121596813687970151e+00
-3.131111375206254266e+00 6.709240489568101928e+00
2.269461100205835358e+00 1.986716908354147604e+00
1.101462328891356091e-01 2.006491873016898797e+00
7.891423290518375211e+00 2.383286182294544808e+00
3.367772562272100423e+00 4.603012314251898829e+00
1.097086021734188677e+01 7.706008680536594824e+00
-4.944756884383894935e+00 6.856405207366297994e+00
-3.810008925730987706e+00 5.906876728381414310e+00
9.921978910359687376e+00 8.417000992158708783e+00
2.402669921986463342e-01 6.003183928167548089e+00
4.068936005042532500e+00 4.110893110061606848e+00
7.745301956802383536e+00 6.429491174562770084e+00
7.108421831468247909e+00 9.456583769833218911e-01
-1.086200511895304643e+00 3.889179474431290195e+00
-4.436030773496113078e+00 -5.453811919018828336e-01
8.671521619163158334e+00 1.916660856845197269e+00
-1.341116758640376494e+00 2.565711689008778329e+00
-3.483958254415412625e+00 1.003433636671094975e+00
6.013978140498533520e+00 7.006412519086239854e+00
-6.491821127619246568e+00 -2.929455307442439427e+00
-5.065107895256046433e+00 -7.071683705494933303e-01
6.649297231495799210e+00 2.455088959946769567e-01
-2.377666871178280239e+00 2.146144188876276004e+00
-5.894590241847919465e+00 7.624833658297031747e+00
8.032774786617590479e+00 4.877887519407644312e+00
-5.823988377633863678e+00 -1.122187319684623930e+00
-4.735187524982937823e+00 -6.431460316722149573e-01
1.038154423985760744e+01 6.668077509792231794e+00
6.956338737615809897e+00 6.391400501362904052e+00
8.221157599944545424e+00 2.790575448488423316e+00
6.093092169284116011e+00 9.373694182466210112e-01
3.022962855399795146e+00 6.919637261563480024e+00
-1.611584515761228964e+00 3.698731881274404998e+00
9.629709313781999569e+00 8.152887318494169477e+00
5.934045584880171198e+00 -9.070272406917689878e-02
4.202909947274545921e+00 7.232177287630168649e+00
-2.528049729953567137e+00 2.015228857228873682e+00
-2.638067578683472192e+00 4.859605134698011142e+00
1.022982063809240039e+01 5.093432072009275835e+00
-8.831583483434809478e-01 6.468120974314679472e+00
-2.313240245376389836e+00 3.366330780879732476e+00
1.014078554308447799e+01 8.254440031351650831e+00
-5.573488369745824400e+00 -1.660383191939275083e+00
-5.499057822313454302e+00 -1.839801457072483659e+00
-8.683805028700853912e-01 4.235301474566443680e+00
4.833088834811633205e+00 7.776751668556021180e+00
-5.596565769696947079e+00 1.188221899407908566e+00
-6.553333384113037674e+00 -1.683417058377301601e+00
7.213491853391974296e+00 1.037430028985588448e+00
3.546163560302759699e+00 7.553751777761875452e+00
-5.813579750454715978e+00 -1.477995550970545580e-02
8.247194181521046996e-01 2.637924741205528001e+00
9.671882254871357887e+00 2.845329412061763819e+00
-2.238076239730127259e+00 7.645388299732798210e+00
1.313651845686057840e+01 7.554898996047110238e+00
5.253428027164215308e+00 4.401291241051276337e+00
-1.673506358781726933e+00 2.582319077468997470e+00
-1.741036305109687987e+00 3.404268851309013577e+00
-3.916983569294169687e+00 6.263194863888076114e+00
1.374744071007621971e-01 4.705056758228574054e+00
1.106390768273075054e+01 7.118718350569851694e+00
-5.414592433620959433e+00 -9.739642065759770428e-01
-1.300179058913184971e+00 6.557612512812470484e+00
-4.205137961851466155e-01 3.722843365160470430e+00
2.781759583701056693e-01 3.375376613188063590e+00
-3.035708590377430571e+00 6.377122644927161410e+00
-1.024709231704686196e+00 5.196084557603129817e+00
1.157196084159783567e+01 6.614183230109746958e+00
-4.147067100415344321e+00 6.100838228286063369e+00
4.431107738343496472e+00 4.046859074838929260e+00
-1.681554575575070265e+00 8.244960327251622090e+00
4.645672607397989928e+00 6.144733499567698765e+00
-1.566616045358585341e-01 3.309567905164572554e+00
-3.955926188523342102e-01 2.089430318421806820e+00
-3.772366268156193136e+00 6.106829089011430511e+00
1.100426134500485453e+01 6.275326598410939205e+00
-1.470278350744818052e+00 3.818572383273971305e+00
7.980217900852573099e-01 3.556597302637293456e+00
-3.766620971244719396e+00 -2.419859902415262276e+00
-5.208748156153941267e+00 5.447431188468108587e+00
6.262294690617604687e+00 8.621397111311668304e-01
6.705054666447374245e+00 1.783455590266495694e+00
8.903524279061631574e+00 3.697405421025741212e+00
-7.319908126840773299e+00 -9.053161467763325421e-01
-5.720193243211175727e-01 2.352929853970335383e+00
-5.108434517774701256e+00 -5.243853521913470761e-01
4.452889098820752345e+00 5.973288263100558382e+00
-5.740639986772712255e+00 -4.683880637361314547e-01
9.725963451344723509e+00 6.939934361721999956e+00
-3.131163136249026646e-01 3.830915783391329654e+00
5.998956485402374028e+00 6.942099588653388054e+00
1.014062041408933901e+01 7.625307841895793359e+00
5.991435302249357164e+00 6.427574471408101786e+00
5.370212985366440428e-01 2.516486390254537575e+00
-5.345691534221924668e-01 7.985157974475386666e+00
-6.877119475353951072e-01 1.960103707536026363e+00
9.125465945251411970e-01 4.921560789729159779e+00
5.755318305533303480e+00 6.794135668337133449e-01
7.929102311660847668e+00 3.020027906187866762e+00
7.524753509900979687e+00 3.498033604750242720e+00
-1.987857883766932954e+00 8.020952445293884736e+00
9.346636945168757649e+00 2.194202796503623709e+00
-3.794200023704163982e-01 3.051500725448738738e+00
-4.677445396524865018e+00 5.971975881928059060e+00
-6.167671644875985848e+00 -1.140206283400846177e+00
9.317172655830942674e+00 8.751381575906027166e+00
9.793214710409165136e+00 7.675526975898450566e+00
7.716410613463802193e-01 2.612122152330370817e+00
-6.613006451322103629e+00 -1.352952394772055644e+00
9.372237541314458298e+00 9.015200363489432434e+00
-5.940892888346632539e+00 -2.396056566149916023e+00
-3.256335451682317750e+00 5.791311162914495547e+00
-5.947326655755867719e+00 5.469325973105260807e+00
1.049485938969432652e+01 7.057144219494214887e+00
7.898701246275476429e+00 1.644299321698496019e+00
-1.794316740238918739e-01 4.019236203060874146e+00
9.825855317815872070e+00 8.815614849351778304e+00
-1.966432940809248686e+00 2.478901191398001025e+00
9.691590652393909266e+00 4.099854715559416718e+00
-2.776376171943357729e+00 6.317965522688669289e+00
-8.080409264934217406e-01 5.175248213213757609e+00
7.873917438676712344e+00 2.107472682549714538e+00
-6.303740382100453843e+00 -2.437259813246005491e-01
7.960940196059607565e+00 3.218354496238794216e+00
6.089810790667046447e+00 4.822409529571713982e+00
9.602941712030714783e+00 9.252265827402585074e+00
-2.231444038123138629e+00 5.190457657457717033e+00
-7.199611141412745496e+00 8.636908500428241986e-01
-8.842418998257063345e-01 3.885459328655910038e+00
-1.884970016367643053e+00 3.811658531853157506e+00
-1.321114752318810925e+00 3.494520244921054619e+00
-2.037119202633592252e+00 5.472647122813589782e+00
-4.631109665089293337e+00 7.266383420684448424e+00
4.367038878249225320e-01 5.173519082329917751e+00
-5.478040753385524653e+00 -1.447265628680734384e+00
3.155977319458501684e-01 1.621395217538948108e+00
-4.094858516314450192e+00 5.302569318730121495e-02
-6.193130711549800438e+00 -1.706879358721768547e+00
3.077167198057642050e+00 7.716688808534845734e+00
-7.117197713318407892e+00 -6.926202551632693050e-01
1.857272054645937143e+00 3.150468622897999005e+00
-8.964792384284207216e+00 -2.456868389155954624e+00
7.274069515125336061e+00 3.115384185690214469e+00
5.967836030638005163e+00 9.532707360563025256e-01
-5.338436309222362119e+00 -1.251290245308230631e+00
-5.935425755954815141e-02 3.201257794807157442e+00
2.805765087948033809e+00 4.300042305241309926e+00
4.829254893258339010e+00 6.103953885942621227e+00
1.088312232901747478e+01 6.778549669422446300e+00
-5.070707382491288495e-01 3.012573961634111175e+00
-6.220815203118594816e-01 3.803825661246254874e+00
-6.554764969957382448e+00 3.358240370218934512e-01
-6.449627052560988894e+00 5.188410831082193031e-01
-4.735538023601620239e+00 5.905366671723709437e+00
8.300474238477937305e+00 1.073892184273119277e+00
3.084207671769959580e-01 4.825436384874531193e+00
-6.512764400300807832e-01 3.485642787910553597e+00
-6.568414838088508567e+00 8.634165285488824004e-01
-5.457666365362620731e+00 1.059615048399265014e-01
-1.738951880183533305e+00 2.968474800551774706e+00
-4.127505262824981980e-01 4.033990459339058532e+00
-6.250116576379650013e+00 -3.447843768342864768e-01
-4.724668236643126740e+00 -9.929199630059277748e-01
5.851094975787333397e+00 8.106584849285789929e+00
9.861561787165612714e+00 8.167742759526245067e+00
9.236517420005535328e+00 7.071257318946406301e+00
8.195222553474458493e+00 2.186982341366299210e+00
-4.549727354524568668e+00 5.335065183847264692e+00
7.634167194363037368e-01 3.633457012618749538e+00
1.135020466318435517e+01 7.297089633306772072e+00
-1.918436367637778694e+00 8.307761293425004467e+00
3.838578940716070420e+00 7.065683423615883640e+00
1.145511312942482540e+01 6.945971201909374670e+00
-1.922972597405412931e-01 4.044684906546441638e+00
-5.269450796998478737e+00 -1.722131031427177383e+00
-4.130801707669659040e-01 3.209763130536253506e+00
-3.585690688485562383e+00 3.889064062313749126e+00
9.546306255719025913e+00 7.368630235251979244e+00
5.576811584374933517e+00 5.997507258671736174e+00
6.545916966221616562e+00 6.042443738739496695e+00
9.217355873540666877e+00 4.371119044079484262e+00
9.154007644221927364e+00 9.392324399092093046e+00
-6.385997520428376983e-01 3.032004413090563233e+00
-6.891478123321677085e-01 3.576012420331529107e+00
9.337631954720679417e+00 8.338214587423955493e+00
-1.698413878774735375e+00 3.718152937847205575e+00
-5.818273883615147746e+00 2.983642465776639163e-01
-3.097180869652441437e+00 4.808190889937661083e+00
-8.889705901120237286e-01 4.318346205723877951e+00
7.580603515400299308e+00 1.313265853642709091e+00
-6.198223018218753211e+00 -1.051894948158198284e+00
8.393469213877548185e+00 2.218514195582248494e+00
7.881532376421445996e+00 -2.604744397246749887e-01
-4.678283682333261861e-02 3.536745761948163924e+00
-1.596032049757945437e+00 4.259644649157150020e+00
1.044361926272366503e+01 7.796024055352675397e+00
-6.842421429612637773e+00 -1.103075407456814316e+00
8.902991735063970680e+00 7.894384587693528132e+00
1.055695773211958333e+01 7.338419190209821252e+00
-4.420928508678388269e+00 8.717730882123109204e-02
-5.220064616312088290e+00 7.277707282425786239e+00
-6.063358943755503105e+00 6.167744358631921386e-02
1.377712920292903931e-01 3.744877018390330381e+00
9.127115613553208107e+00 7.894080092835154439e+00
7.061964140021248504e-01 4.137017418503093680e+00
4.435772519237444200e-01 2.848530902039049018e+00
1.232424044678438690e+01 7.900599049578274524e+00
7.328426860822868427e+00 1.374926347733497867e+00
-4.201991767921853693e+00 5.941133457295277864e+00
1.078328210865638859e+01 7.119692944923036393e+00
-4.072685759517910009e-01 3.297460397963664303e+00
5.715037604042749741e+00 5.776249244255878601e+00
-5.256214486012035891e+00 5.635704216719615189e+00
1.098096702213187825e+01 9.550405204209898358e+00
-3.615290576170372638e+00 5.492677739010397353e+00
7.762910060696509795e+00 1.382030555329538002e+00
-5.070648829349699405e+00 -1.821900187728109133e+00
-9.041492198835625604e-01 3.855587639410350764e+00
-5.616860083627726041e+00 -1.160305527078728804e+00
9.458111372578480669e+00 8.922102233906301194e+00
8.193546086492633052e+00 2.174078851738286744e+00
-4.453737921753266882e+00 -4.920131404373950801e-02
-6.031639615266639609e+00 5.041684683012448431e-02
-7.153241210097984748e+00 -2.458685849417332037e+00
-2.605946009553694598e-02 3.788009078053905299e+00
-6.266531486195898282e+00 9.165379808657918570e-01
8.582230814722093371e+00 1.034301637116921668e+01
6.643375877898754389e+00 5.715020771788775988e+00
-4.295103659268718843e+00 7.363691279484074315e+00
-6.085588747939092436e+00 -1.102459067292044903e+00
-6.065169122321587558e-01 8.669953428612100055e+00
-6.165686336201884998e+00 -1.207498635504467455e+00
-2.595385712755572394e-01 5.465783038345220390e+00
-4.877879944073367113e+00 5.120473099190232524e+00
4.856398116541670973e+00 6.603126476113583720e+00
-8.512606355248883983e-01 2.761250744755269437e+00
-5.218150607226355042e+00 -2.891179165426399855e+00
3.766700654230159984e+00 7.269378929706382664e+00
-7.997916411715970675e-01 2.371628874374986484e+00
4.577580052195379778e+00 9.321622348729427188e+00
1.004016186967437108e+01 6.938842426527538798e+00
-3.869482727142163014e+00 -1.080416806282127329e+00
-7.394438899237750107e+00 -1.328520420745422204e+00
-1.404385682060024010e+00 3.647148806711913771e+00
-3.968508810826024025e+00 3.952599395431091622e+00
6.725569303763234696e-01 5.246834951869493224e+00
-7.980604128685644838e+00 -1.591947059031823541e-01
9.187646444795248613e+00 3.302540269081950086e+00
-5.611411345088945346e+00 -4.708488103536452862e-01
1.058019474708630803e+01 7.926691616142507613e+00
9.725163682271967147e+00 7.867970240052162723e+00
9.438095528374896404e+00 7.772932075167250154e+00
-6.728683061840650126e+00 -1.791040420215573636e+00
1.237122918533199822e+01 7.449346234861073945e+00
-1.256293722633664345e+00 5.549119669605341088e+00
-4.231343546750018447e+00 3.864469121215325487e+00
-4.164310715751196490e+00 -1.603907064238666802e+00
1.045205720919168435e+01 1.604979723876444719e+00
-5.070553973506505940e+00 3.101825956225847669e-01
-2.386145830113843846e-01 3.006736916461067555e+00
7.562209673593327075e+00 6.410861653154165118e-01
-6.366919114038566363e+00 7.362627984325682995e+00
-4.991330982781658321e+00 -1.914383346782328577e+00
-6.422272894596398274e+00 -3.501546574353063268e-01
1.901444718520230115e+00 7.968416086787446950e+00
9.156593131645243133e+00 1.629628478664553626e+00
-4.752753192788712333e+00 7.184907334289622582e+00
-3.039287743145321130e+00 3.253165278436803920e+00
-2.791284597839918558e+00 4.287994643256761940e+00
6.509834725450629023e+00 3.881794472574567223e+00
6.104299207188656595e+00 6.935541836342597577e+00
4.435786599084687865e+00 7.860863020793429357e+00
1.156007111940314402e+01 8.031371521168141570e+00
-3.798399005694886310e-01 3.063852518725250995e+00
-5.579890847809339860e+00 -5.762994970169137421e-01
-5.581429403821471347e+00 -1.046131762702432466e+00
8.298471572645873096e+00 2.577816889730099259e+00
8.513330697545766768e+00 3.418925374180320720e+00
-9.226273633739482394e-01 2.788297257665404594e+00
4.105567205916278439e-01 3.113226523730782347e+00
-5.497087075842070902e-01 3.710639926017038182e+00
8.197479037142466396e+00 8.012372221361607316e+00
9.968421486754493799e+00 9.465553473403616636e+00
-1.608307909429675497e+00 2.053599776786419806e+00
-1.437527312403541924e+00 3.622784416588136658e+00
2.246648546176611694e-01 6.782637922961763266e+00
5.117838464148952049e+00 5.308852548514030545e+00
4.489410624687226736e+00 6.199223000593255151e+00
9.484800083242461710e+00 7.455065189910579093e+00
-1.189411845534538603e+00 3.307520208633954795e+00
-5.640494741858208982e+00 6.491707931686315547e+00
-3.595514648266100011e+00 7.495523801172437217e+00
-6.319119170823984888e+00 -2.688017827797629877e+00
-6.539527291070985626e+00 -7.097457308497949757e-01
-1.365934057976172067e+00 4.188272316780185633e+00
2.527822439650690978e-01 3.499863552617028528e+00
-1.500882305811871209e+00 4.958676237822293054e+00
-6.998394872431848768e+00 4.641481323162324202e-01
-1.015502654864701482e+00 3.285883521564183951e+00
1.093777473982363801e+01 7.363349386671854901e+00
-1.138093043015609318e+00 4.606394678985024527e+00
9.891344553202708667e+00 7.733543290614718124e+00
-5.735246985003810138e+00 -7.976690308186994427e-01
-4.744370786608471668e+00 6.147158022766827656e+00
-5.915482002224507596e+00 1.316162560386318070e+00
5.841134317071114967e-01 2.676645473021118882e+00
6.837266850706203769e+00 4.765603160754505296e+00
8.298051658092107985e+00 1.293333313519514416e+00
9.397299880171980035e+00 7.703403826910476759e+00
9.784884715016517021e+00 4.888504997693944532e+00
1.145417566941095089e+01 8.097279525702342440e+00
1.598403651986877172e-01 2.185410596102536740e+00
5.604543515870588521e+00 7.552010515573193139e+00
-5.056766111556776799e+00 -1.207954822491358771e+00
-1.882834131259859101e+00 4.741646326496808506e+00
4.423062543121647927e+00 6.857420266904232342e+00
-4.786023945013211378e-01 4.406773257797786059e+00
-4.940259642768349835e+00 6.298547732409076616e+00
8.707747971791180319e+00 2.795762727187576679e+00
9.089104420187926081e+00 5.452570128664737226e+00
-4.480052368566971310e+00 -2.422029438696053916e+00
-2.974694751354645561e+00 5.258336568665776589e+00
2.408236076536784953e+00 5.103437776419068150e+00
-4.169683405974831558e+00 6.198731852611399695e+00
-6.631233277276432858e+00 -1.170164594277603998e-01
-9.911458320265028599e-01 4.073802783370790159e+00
-1.190976254379253474e+00 2.922481500247097408e+00
-4.881093243726904340e+00 5.753752831572398918e+00
-5.465712945830115466e+00 -7.514260282172056105e-01
-1.223728762399153513e+00 3.654120658972466629e+00
-6.410033792337833658e-01 3.262311741303563828e+00
1.767056124613253232e-01 3.107608051932881033e+00
8.565857008406712936e+00 1.616168247471446939e+00
4.524748342448680738e+00 7.381771612970365659e+00
-1.354236578463444474e+00 4.499256699029553275e+00
6.266486748031129927e+00 4.259534223326109981e+00
2.325199740251693292e-03 2.404541489657876951e+00
1.060647391223531422e+01 6.098651021667890859e+00
6.283411095851043626e-02 3.915898356941329261e+00
8.574988104060967231e+00 7.302890749974443985e+00
-5.266677629173078579e+00 -5.505328896719433596e-01
4.666396193071012277e+00 7.234607121115894657e-01
-5.921587305655336309e+00 -1.637976877763712480e+00
-4.460716903055697458e+00 6.425003659127682454e+00
1.054701368904063763e+01 8.410716400744551180e+00
6.694437441859335536e-02 8.323133826807458391e+00
2.282156090158611317e+00 6.517190191460169757e+00
-5.893097704239000478e+00 -2.073153018474524600e+00
-1.675693458779508260e+00 2.347204092809633380e+00
-2.154663281906089023e-01 4.274240804152418249e+00
-2.968392044406489294e+00 4.684841724538098440e+00
-6.051612431618487165e+00 2.271852620457993854e+00
6.746240349396035008e+00 1.048144098980211991e+00
-6.211883657476096054e+00 -1.076321174536182257e-01
9.553163961695238626e+00 7.941532886642382216e+00
-5.545323036907652714e+00 5.204355054460518382e+00
-4.269566732101969464e+00 -8.280216634358906758e-01
-2.969038567932214878e+00 1.903097125271553614e+00
-1.274260228205350565e+00 8.371934080139350698e+00
1.253518652579017534e+01 8.154846331609187260e+00
-5.379969161647442100e+00 1.184910089044522330e+00
-6.137107604226106794e+00 -2.197897434088545321e+00
-6.872625455786014470e+00 -1.820366501586945240e-02
-1.750954326156722862e+00 4.683290926686662914e+00
-1.660390360063253468e+00 4.145727726682834735e+00
5.918594819484500391e+00 7.666560493453124181e+00
8.478423913993424321e+00 7.808121524543971681e+00
8.537037138873930786e+00 8.007639417102366153e+00
1.061784701004270204e+01 8.454598422741067765e+00
7.934354860304885904e+00 3.248679509071374039e+00
-3.874772656487533329e+00 4.256421324328330869e+00
6.134494035412596524e+00 6.592395781218237660e-01
-4.007940234803577084e+00 -2.763720905316684462e-01
-5.023865915017741379e+00 2.451653494394090416e-02
1.161267689499378086e+01 7.553680387496047643e+00
-1.936050356765583569e+00 5.035316772510390670e+00
9.536859199724556646e+00 6.933341561368144390e+00
1.651250072591135876e+00 1.477783424667169943e+00
9.052442165712804467e+00 7.133186987585544259e+00
9.628673372403410369e+00 7.880201255255565584e+00
-4.990389048606527767e-01 4.303352682144709895e+00
-8.653394204690574298e-01 7.424025817777103242e+00
-3.940409035016932293e+00 1.207918686917246465e-01
-3.817252534068394931e-01 5.848767788665474754e+00
-4.251230159836387301e+00 3.437293236999294788e-02
6.087558645698499582e+00 5.019366113566421816e+00
1.061862990925457950e+01 8.453290015190283668e+00
-3.562776598040354958e+00 5.595340106858865070e+00
7.905885456417848900e+00 7.894345764467275650e+00
1.224104820555757556e+01 7.472910821295221773e+00
-2.351648702736720553e-01 4.668428203689552802e+00
-5.069226243078063909e+00 4.795398552251151969e+00
-2.545030510903555365e-01 9.523882340555553938e+00
7.868183819526649359e+00 2.076977451900239302e+00
9.246854139888322166e+00 8.586781258353965995e+00
9.003683199560114758e+00 2.582523729567733461e+00
-3.948782340807281965e-01 4.198902682407147147e+00
-7.231543300825665765e-01 4.356096833128448864e+00
-7.213899796508046691e+00 -7.780761082125534633e-01
8.266572431308000901e+00 2.664454296341101536e+00
-4.979516479959571917e+00 -2.146145305357739730e+00
3.864016723507119888e-01 3.113826107700304213e+00
-9.045769380258952275e-01 2.077582457977481756e+00
4.296431181535978361e+00 6.309703182920984865e+00
9.519280091997929460e+00 7.920941612884000449e+00
-1.399270007355896350e+00 7.796304089773847146e+00
6.329330497413105050e+00 2.021408750687342160e+00
-3.316655758399203791e+00 4.791089302045485887e+00
8.478220595446224195e+00 3.527782355003230119e+00
-7.117336940079157515e+00 -2.214832851846629147e+00
8.066192672123486673e+00 1.442561246070517056e+00
7.257322390618270447e+00 6.648832036522991373e+00
-1.242836348725397944e+00 4.090214159967211494e+00
9.668341026102629243e+00 7.431578164506998263e+00
-5.357828854822673570e+00 -2.303765202652698907e+00
-1.908930182151249877e+00 4.583789703305982677e+00
8.884601708826737720e+00 7.713935882823421686e+00
8.008941508646170604e+00 4.618941805112916299e+00
-1.590769782496845419e+00 3.982972401494904613e+00
8.514057328941222025e+00 2.443857562138383788e+00
6.744590491895166018e+00 1.504354364447393788e+00
-6.637862445731869121e-01 8.876873323266977422e+00
-4.586868610567947258e+00 -2.075513550945651264e-02
-4.482001935398839620e+00 7.252341147749482353e+00
-5.524484762977750485e+00 -6.054292144157373823e-01
4.305258009544310482e-01 4.379007219847560251e+00
-4.503269941477682003e+00 7.742081616510076980e-01
7.494740384235854869e+00 -8.343453586540285905e-01
-1.026003290249449140e+00 3.441819903773504219e+00
9.391902450311620854e+00 9.353749613662184714e+00
1.146302079695104759e+01 7.756613568996100661e+00
-4.174852263511876771e+00 -2.180478717090699625e+00
-3.500927251198150403e-01 4.361723845230144114e+00
9.898425436086995433e+00 4.836279280414345294e+00
-4.723080119712065317e-01 2.579488093011002903e+00
-2.238257665355164683e+00 6.722645827950806563e+00
-2.742920964139581752e+00 3.588011521166294848e+00
-2.967518487690156359e+00 4.212780018175461549e+00
1.030081482181104313e+01 7.479583778885928069e+00
-3.403283271810408905e+00 6.690984769407595678e+00
-6.751730311462424972e+00 -5.927037762303665192e-01
-5.193000811692696672e+00 -1.660838659713888221e+00
2.187756738366362086e+00 4.152650775018265961e+00
-8.296652229790673072e-01 2.982050710435313778e+00
-4.462541048202711913e+00 -1.048628754886505199e+00
9.622511244183668211e+00 9.563094495858988964e+00
-1.778608727466571837e-01 5.109273925843297093e+00
1.029868358515396132e+01 6.123298454420512016e+00
-2.684599708712848143e-01 3.939665907764736463e+00
7.393847186948824479e+00 1.587130395785312453e+00
-1.708851396422419233e+00 4.183983465564717008e+00
-1.920056561295446773e+00 4.089269199930980925e+00
-4.181905341216926253e+00 5.323605908134021014e+00
-6.327540417409730722e+00 -1.248115968193499459e+00
-2.182645823170751842e-01 2.785326964920435522e+00
-6.040677148308891908e+00 -2.875629712938178706e+00
-2.080765848955748787e+00 4.337315518614827781e+00
-5.202687910420018547e+00 5.308276865770200637e+00
-5.587766932890266602e+00 5.381211128331973015e+00
1.064669569370887103e+01 7.058841726957811424e+00
-5.686192973955797036e+00 5.707446054131551705e+00
7.519047933517239102e+00 3.800438930724808539e+00
8.723980852740968572e+00 8.005079421719894839e+00
8.162899311091079468e+00 2.227160920183021808e+00
6.190552075133549437e+00 7.814068818176475695e+00
-6.387321616782418054e+00 -1.562996186567441992e+00
9.308636824170088531e+00 2.988560053661179161e+00
7.730370199153369093e-01 2.667452441222252890e+00
-6.386443278340693475e+00 -1.399557600355134213e+00
-1.022792689900662211e+01 1.317562370506067504e+00
9.845800074140113267e+00 1.963709365015750219e+00
-4.963582701864258095e-01 3.658119905027307883e+00
-6.179163772770930763e+00 -6.938465599579752840e-01
-1.513958395592639450e-01 2.093435017787401264e+00
8.357794155246699219e+00 3.157025553671354068e+00
-4.664406665679023511e+00 6.746609965421091815e+00
6.571105683933987862e+00 7.513476340320250024e+00
-7.553932925565944423e+00 -1.734706492221819163e+00
-5.136612200775489079e+00 -1.382243274495003504e+00
-4.648675629604962722e+00 9.045941173229488097e-01
2.131475844668537789e-01 2.916462194090847504e+00
1.025573058848673291e+01 7.022039319616016684e+00
-5.206707960318292194e+00 5.315349261071998122e+00
3.756076836660644513e-01 2.031061361728437653e+00
2.255897691638327096e+00 2.408159112248163147e+00
1.000082464113559766e+01 8.012730045431288417e+00
8.971993484348153913e+00 8.073846290229857559e+00
-1.091219539604355138e+00 5.975523283927321572e+00
8.139638436795532783e+00 6.579258078111175578e+00
-7.146130697324747372e-01 3.648628694160687580e+00
1.227093021157035579e+01 5.673678211785104786e+00
-8.392054767450145558e-01 1.411408168939053187e+00
9.050055644293582446e+00 1.949876627328500867e+00
-6.150204291247040267e+00 3.560155534982798464e-01
-4.610423942477895665e+00 -5.337703209078215050e-02
-3.949783062912495701e+00 -1.659819740895924767e+00
-2.450608373193391643e+00 6.620218779015700328e+00
4.133749077757536305e+00 5.341736686607537976e+00
1.195377850721271429e+01 6.309988248592013349e+00
7.800337958285936679e+00 5.727448159356945290e+00
-5.247631091471117060e+00 -2.292131358013461906e+00
5.801639831644689771e+00 5.255114188247439699e+00
7.324684448340507359e+00 1.979661344038517790e+00
-4.138719805481111180e+00 1.327386688373136669e-01
-3.121491062537251171e+00 -2.656341511614307205e+00
1.006390750377653376e+01 6.756877186517369793e+00
-4.515181125401635853e+00 6.109060917412914016e+00
9.694373084613694402e+00 8.075388324235042603e+00
-3.330933461978613508e+00 6.371344291687106143e+00
-1.116443155806895460e+00 2.808998333538585523e+00
-3.239657666272575121e+00 4.481459388828699986e+00
-4.407342135141232298e+00 5.305600343539284225e+00
-1.084078028013703232e+00 4.182080210953239785e+00
9.401515917959198276e+00 6.401977745708544276e+00
-9.420745895541066117e-01 3.083920545889757392e+00
8.907461316028792098e+00 6.470672258333726390e+00
-3.909777330655776595e+00 3.299114908100134524e+00
9.077536883482375529e+00 7.659807103377491266e+00
-7.300815995833881189e+00 -2.694784082180168294e-02
4.726407769331339992e+00 7.064562776091531049e+00
-8.745217158172475802e-01 3.226889961881203917e+00
-5.452567814108020272e+00 5.276789704061704889e+00
1.498771911492495779e-01 2.902616436809477563e+00
-4.453193921614836626e+00 4.027830603646167518e-01
-1.459314038973191563e+00 1.478367403402495395e+00
-3.874348885810329879e+00 5.926509352078390691e+00
-5.095842855070854327e+00 6.181451986658739184e-01
-6.248363192438457503e+00 4.447655957732844278e+00
3.296685660092937287e+00 6.270315697190575577e+00
-5.551899418471452741e+00 -1.156125197346999034e+00
9.799139272344902452e+00 7.818025294906283840e+00
-5.411757229394468460e+00 -8.934790699123928981e-02
7.751419731148001091e+00 1.804734172078095611e+00
1.038556843060304402e+01 8.084091984178339629e+00
-5.432096269330223492e+00 -1.421697727002422251e+00
-1.540589634847195244e+00 2.592600298398416658e+00
2.331377220108643566e-02 5.433446159374599738e+00
-1.106463666477841734e+01 -4.116194673932943582e-01
-3.345493232876945555e+00 6.811421907905836903e-01
-9.437091587659263148e-01 5.031775075560627641e+00
1.003899507594801577e+01 6.428825027044805296e+00
5.246430330501882011e+00 7.118124853940130947e+00
-3.069421321204373498e+00 4.892837539349343956e+00
-3.037092475841602468e+00 4.307729109060625561e+00
9.676961253503410632e+00 3.466564873895511489e+00
8.871376561509304537e+00 1.018767628438565076e+01
6.885466318297114974e+00 1.500807460545370509e+00
-5.753395710752878145e+00 -2.278012608998928545e+00
-1.740274572690188704e+00 2.492437974967213865e+00
-4.858405071009611831e+00 -6.021720674935762130e-01
-7.212636853503914480e+00 -5.451265585714712980e-01
5.001130063756990651e+00 7.381672368889246272e+00
8.618099944703823567e+00 1.193053372901518250e+00
6.266232729792840850e+00 7.237083415129317743e+00
1.162580202117830552e+01 8.120465878110556091e+00
1.151003895745884620e+01 7.754463921713180774e+00
-5.877884305119911446e+00 -1.226221605570268602e+00
4.492597946657264085e-01 3.958264604852604229e+00
2.472337862688201326e+00 4.970467017574036639e+00
7.833345679562666142e+00 1.713446892248939202e+00
-7.569712174168751417e+00 -1.255197214920961146e+00
8.161325689246202941e+00 4.163466338140909606e+00
-1.074709606372772130e+00 3.717089396360644837e+00
7.344851266052554450e-03 4.373031138075545776e+00
-7.749158491118213199e-01 2.933901002726054141e+00
1.149692837342056517e+00 4.085080822166694325e+00
-5.671679572695611959e+00 -3.204928767726200611e-01
9.706230046883035811e+00 7.337276178270527360e+00
7.076863824635031719e+00 4.434661346039748819e-01
7.434178379448761476e-01 3.795229114134454296e+00
8.446863173987784634e+00 7.429851465170738578e+00
-7.525646475408741765e+00 -1.508142742597785135e+00
-1.577250886328671609e-01 3.780022224054927271e+00
-5.444900614132086591e-02 4.209259081107984635e+00
-4.526827725546623604e+00 5.623299998232583086e+00
-5.020171511915679119e+00 -8.342524619965693278e-01
-2.524630544178476654e+00 4.670059945459079209e+00
9.383799099529904097e+00 6.585246029628471831e+00
-1.845654680351075161e+00 2.466047766983190392e+00
9.926482261716609301e+00 8.589202085794388708e+00
9.326325417959161257e+00 9.575219695252787488e+00
-6.613578275948750473e-02 3.637798209105802094e+00
-5.421958265605964833e+00 8.096777236043439796e-01
-5.489042144474338691e+00 -2.897901895329374478e-01
-5.944798357520739707e-01 2.885808809834705002e+00
9.562428311595480679e+00 7.648128937873306832e+00
-1.089564276137623411e+00 1.698998927580096963e+00
1.296528544857605425e+01 6.672420408470129516e+00
8.495343217770633615e+00 4.027012174282999624e+00
-4.591440721968574223e+00 7.508802423630108080e+00
8.329721918865482522e+00 5.358681582047164493e-01
-5.910191326492007846e+00 -5.580073170310007047e-01
-1.752358448505161093e+00 7.862281504230273832e+00
4.517883101320895989e+00 7.136670517788576973e+00
-2.217710991039875790e+00 4.317062490303841038e+00
-7.346000414104069121e-01 4.270030790768157836e+00
1.490030911407980163e-03 5.250868259866063426e+00
-9.134333300039571668e+00 -7.435056673066045008e-01
9.375322857938781951e+00 3.017219340915383796e+00
-7.001686722280564545e-02 3.479801292057505435e+00
-2.520679568210433708e+00 1.987338389261715577e+00
7.065198052021210984e+00 1.084368593714841289e+00
-4.654760535871599991e+00 -4.778008146770224562e-01
-5.016853013354821478e+00 4.420386570961105654e+00
6.395565675127862448e+00 3.999123042429284069e+00
8.432077268063203235e+00 9.837473060738176400e+00
-1.921924803382804248e+00 4.628574656327116621e+00
-3.813576954418293585e+00 4.337804686111979002e+00
-4.399877086552667294e+00 -1.403429017213102092e+00
-5.465356813439011141e+00 -1.848898906664572905e+00
5.946778370698535987e+00 5.779822564352569358e+00
1.014410993108355363e+01 6.937239266570546903e+00
-8.320337894311233384e+00 1.471437004512181623e+00
-1.956151145528240320e+00 2.736755109857266888e+00
9.544419905738456222e+00 7.899025605059579291e+00
-7.068695904851218792e+00 -1.738219980815794319e+00
6.119294427702826056e-01 2.880700569114090115e+00
-1.994537513405956641e+00 3.636885665739741480e+00
-3.890286212346126260e-01 3.035543206922281634e+00
7.500017698201507876e+00 2.021346785129822354e+00
-4.416242551142489647e-01 4.056849244597159121e+00
9.626907555433355412e+00 7.288278853987236516e+00
9.993471291998575978e+00 6.930600996277433978e+00
7.947483393180434064e+00 8.043333958898298164e+00
1.228164802401953359e+00 2.448072114465842830e+00
5.273221386248802212e+00 2.314041373615752129e+00
1.082278977117038643e+01 6.340418403683161230e+00
1.046406034480665781e+01 6.442276873430815343e+00
-6.934271361162867464e+00 5.222799114453081870e+00
-3.978694132629533087e+00 -2.232703579021605211e+00
-4.009454956181848218e+00 5.003203725372834754e+00
-1.834431328449478871e+00 4.411790586963383554e+00
1.592043553516674592e+00 3.414713107028139571e+00
-7.398888391930698027e+00 -3.154116682724726228e+00
-1.688362007802663767e+00 4.429536959383133521e+00
9.575704184372975547e+00 8.864299439876919706e+00
4.181873645254659877e+00 6.580834520647401042e+00
-3.563372928553512509e+00 5.313351949696887289e+00
3.162222446684308519e-01 4.216169376576876182e+00
9.731352491621054313e+00 9.278860479786121829e+00
-2.653288727118771284e+00 2.970069056239367011e+00
-4.879328614932338937e+00 -9.375464984537338342e-01
-2.234721554822554079e-01 3.337688455583011748e+00
-4.892033510580716893e+00 -1.332168274086260595e-01
9.347240945572684367e+00 6.004921519372746985e+00
-1.021910098130063282e-02 4.614573110160057112e+00
-4.457261667941126326e+00 1.710247275333862227e+00
-2.356822943054456054e+00 4.017757547613211244e+00
1.042380136349505548e+01 6.949611678766582479e+00
2.957341804801636442e+00 4.390304090180727314e+00
-4.758257665604922471e-01 4.153493262260490759e+00
8.189261006761640260e+00 7.935649363724863292e+00
-4.363009763379614547e+00 5.646414599966465886e+00
3.887061160285267825e+00 7.379768285737654310e+00
-4.983738732007838124e+00 -1.831840704363522088e-01
6.329943937763672146e+00 4.954555644610270093e-02
-5.854676836881504975e+00 -1.214592224013774313e+00
-4.652558757023881775e+00 -3.454366321259681460e-01
8.673807971206695555e+00 7.331787890925307138e+00
5.263940121262171701e+00 5.352678609297463197e+00
-6.423664037956467787e+00 -9.566015624263238815e-01
-6.570307691801035688e+00 1.769571196422337511e+00
-6.092141167061387641e+00 -2.434000987463003085e-01
6.123066376957213564e+00 9.149131900102943638e-01
-1.402467217059112814e+00 3.952869867326739062e+00
4.536601436931380960e+00 7.015977742186535693e+00
-9.493738199617305362e-01 9.234445849016220009e+00
1.070410626107880425e+01 5.859666938251673507e+00
-6.839344115672909563e-01 1.993812777488113364e+00
1.186323685682345719e+01 6.911030103998056617e+00
-1.978556944678662832e+00 5.020322450620017918e+00
-5.554093877455327899e+00 -1.238537758963181190e+00
-1.965887535013508769e+00 7.272819743952771532e+00
9.321484534277752587e+00 7.435637592623779213e+00
8.925467573997305948e+00 6.159534545033987563e+00
8.607138865803083405e+00 6.878860646907648757e+00
-1.156866119161449324e+00 6.248190856205798838e+00
-1.634083936945370796e-01 4.301505316854101757e+00
-1.566049106019439474e+00 3.646464964386497698e+00
-4.460220327547651742e+00 -1.433257858643110616e+00
-6.761926029883655431e+00 8.309009887961742447e-01
1.033626839771609163e+01 2.314297126069579491e+00
-5.277693529734398759e+00 -7.617471656780366862e-01
7.767523327840929248e+00 3.538969429106991527e+00
9.400858158514182605e+00 8.905740715081183367e+00
-1.367919900295158087e-01 2.887752335649586666e+00
-2.841579623027038703e+00 4.877250302080615718e+00
-1.634399300729113103e+00 9.651654378650373900e+00
-6.009349685423726939e+00 -5.013627423243758319e-01
9.808288121246672375e+00 6.273659304328531583e+00
-4.505883868537725157e+00 -3.275556048663711195e+00
8.571930024887596034e+00 3.455808919459635753e+00
7.812148172799082246e+00 7.252713561481831661e-01
1.254365011481688663e+00 4.044056734198779424e+00
-2.107347831572765617e+00 1.272790737657992555e+00
5.565870835560036589e+00 6.079459986725288978e+00
-5.352386558492302493e-01 8.030767200078148704e+00
-1.036358335037257827e+00 4.722173270991833149e+00
1.130073191390226484e+01 7.577340184045016080e+00
-5.250561094124194916e+00 -2.793937926415266393e+00
7.709156753813110718e+00 6.820392061300155184e+00
8.141461940382951568e+00 2.017297740388216631e+00
-5.825806237504624896e+00 5.551110533463738506e+00
-1.118093855510525980e+00 3.170271244230105534e+00
1.097633324925287468e+01 6.917603093266375680e+00
-5.529451739195551774e+00 -8.092106416431377180e-01
7.516114220767452281e+00 1.988136799435706425e+00
-5.726731695934685007e+00 5.540441045742369397e+00
-1.399273375480998727e+00 4.318868863541014846e+00
-1.442175919650650062e+00 3.052436722685344606e+00
-4.851784612623664117e+00 -2.499369125687455062e-01
8.207451361733792083e+00 6.744749655558038626e+00
7.787697783273276109e+00 2.038815272326379713e+00
-4.757037587372562548e+00 -1.304726466357896797e+00
-1.842918734553522064e+00 3.392949517530862380e+00
-4.481596823389936368e+00 6.022513780569339836e+00
7.817788144285050755e+00 3.100840219574845236e+00
-5.026505446046640735e+00 1.178352772337291299e+00
-2.710664874344610453e-01 3.285937794444769633e+00
9.921541343244740574e+00 5.901989767965663880e+00
6.607025406358488340e+00 2.437348917663264558e+00
1.048690181537974730e+01 7.787397742476905194e+00
1.729234413380827284e+00 2.815850422213676651e+00
-6.089766652988822138e+00 -1.573321092213596950e+00
-2.688566474203026857e+00 4.784662524016034979e+00
9.523789976546026992e+00 1.830482519743162007e+00
-5.583669477710420992e+00 5.029316371092189542e-01
-5.695737379713274429e+00 -2.493952935563970463e+00
-1.362510965161143117e+00 3.787069775848083797e+00
-7.450877665010623430e-01 2.847042000072679269e+00
-7.441372072065381538e+00 1.593873256474949152e-01
4.583634284473335541e+00 6.579145085354238809e+00
