-1.278397915804135643e+00 -2.598470489303335018e+00
3.218258608900749884e+00 4.078088557753695831e+00
2.439572335546468462e+00 5.314402466861373853e+00
2.232639437382159198e+00 5.959892001373279236e+00
2.726328776444858271e+00 5.081383114479286256e+00
-4.289533159567211484e+00 7.269233639965817062e+00
-6.080751792055329119e+00 -4.452440530051243073e+00
2.843855029356907593e+00 6.035086761138133582e+00
3.223359521847462439e+00 -3.233330298615306297e+00
-3.890266683277852522e+00 -4.915456409498404788e+00
1.585502102872832664e+00 6.130507754706703949e+00
-4.251666791626998787e+00 -6.748756196873801905e+00
-4.518445784079544225e+00 -4.209107047804598878e+00
-5.665541550017100469e+00 5.224369772903091125e+00
3.373637400222265992e+00 6.501175303257105575e+00
3.203553934657119573e+00 8.556197717676470305e+00
-5.567220732333408861e+00 7.590293806383334285e+00
-5.220784323838306484e+00 -2.437271948657794951e+00
-4.188231689907246924e+00 -3.241678253802142251e+00
-4.042824693688372939e+00 -3.242246216798915448e+00
-6.097336502190975338e+00 -4.626340038420098999e+00
2.360154513127101339e+00 6.880167846137973164e+00
-4.711848719667872665e+00 -5.118843452441868891e+00
-4.684028985659725919e+00 -3.686787677342610259e+00
-4.645959045002069132e+00 -3.414773750641710404e+00
-4.884144013446812593e+00 -5.040312185998014449e+00
-5.127640329019637733e+00 -3.844700841405110037e+00
5.502573434571788269e+00 1.490371883724550095e+00
-3.921999965634315632e+00 -2.543849464592226273e+00
-1.445033356294069815e-01 -2.760159930222336300e+00
-4.691434616347129882e+00 -5.116003470253198238e+00
-1.168586932756719765e+00 -1.561092321627893131e+00
-5.047516247086191399e+00 4.964906001264515645e+00
1.168872244395862570e+00 6.093029361416486545e+00
1.959827143730790366e+00 5.571376727228011028e+00
-4.888802138327978497e+00 -4.539407503236104091e+00
3.405290399716244920e+00 6.418170423752394882e+00
7.869029999583186274e+00 -9.200431411436584384e+00
-2.359352427328888613e+00 -2.634463438635730181e+00
3.368948030854589604e+00 7.553456171054705237e+00
2.785349260855130460e+00 6.258035852502020546e+00
3.589866762972751424e+00 8.349003712299438718e+00
-2.835164276904307279e+00 -2.345414216249030570e+00
-5.262412721151654260e+00 -5.329926035044214139e+00
-4.104003681646578805e+00 7.839304404712433616e+00
-3.538854191625942391e+00 -2.521184040650474856e+00
-7.446095528121084328e+00 4.087844724983423106e+00
2.904837146625187216e+00 6.464073741565234954e+00
-4.170363787486988549e+00 -5.951867439418739636e+00
-4.971457417301932580e+00 -4.546894840182597264e+00
2.233241176162680475e+00 6.456831544604106021e+00
-9.167794311735622870e+00 -2.613964620292021923e+00
-4.772265723592454378e+00 -3.109832442069887737e+00
-6.315561559369013978e+00 7.308708203543782034e+00
3.526540686423169646e+00 5.349382342943941993e+00
2.820026701224764842e+00 6.875507307864245909e+00
2.844285583333252987e+00 7.462136706057858504e+00
-8.006948155059532723e+00 -2.644880437546615948e+00
-4.596222129194766914e+00 -4.104234609830768044e+00
-4.753249813558508841e+00 -6.489360805140250932e+00
3.515499985755281553e+00 7.035427488989089539e+00
-7.422629041883727297e+00 6.276103442039411284e+00
2.915289036692571223e+00 6.693106418618395281e+00
3.769650365310435625e+00 6.027590822628205558e+00
6.544120834678554210e+00 -1.072200250289302303e+01
-1.963994051897883786e-01 -1.423486173340459571e+00
-4.860195930218718985e+00 -4.286126389383538182e+00
-4.973933144392847616e+00 -3.826810891779382384e+00
-6.286397850381243657e+00 5.943099934744425106e+00
-2.308146371189983448e+00 -1.304588513802644956e+00
-3.267954683275950067e+00 -4.879005591649672624e+00
-3.006183963129984260e+00 -4.856809072778796477e+00
3.438028055520065074e+00 7.315182691349132682e+00
-4.547524890709370382e+00 -4.252005910393446442e+00
8.994995060371067552e+00 -8.745837809017245945e+00
-4.801139602245748428e+00 -4.394925936747370976e+00
3.914468322717511661e+00 6.108635024952898007e+00
4.600210585598953017e+00 -3.080300309422615346e+00
3.639055390782536925e+00 5.688922765574226936e+00
-5.479354497744419739e+00 5.771697683229874087e+00
3.382861537095315896e+00 7.358786528751918965e+00
-4.792869936491166882e+00 -2.440679047217081621e+00
4.024900516150450080e+00 6.785379840278340069e+00
5.252099711387725023e+00 1.421335423751525662e+00
-1.579351415436945016e+00 -2.568775124537993726e+00
-3.166860426504643500e-01 -4.663608953020016656e+00
7.538585888724545825e+00 -9.190741462221136970e+00
-5.185908144724536761e+00 -3.475997136224516559e+00
2.568104491009532531e+00 6.801593613906664615e+00
-5.710929219639729881e-01 -4.077226502105339101e+00
-1.352094371425013541e+00 -4.014662162075304686e+00
4.117416533316907490e+00 8.078078859216736518e+00
2.162082611735108628e+00 6.972910663633630435e+00
-6.750989190132304252e+00 5.691011047378649046e+00
-5.132291880514575411e+00 -5.639810399721516099e+00
-6.402012988214560441e-01 -3.806323209661384599e+00
-3.884847764436008433e+00 -6.823721190230511269e+00
3.465471596767898621e+00 -3.441823169191079224e+00
3.510299579524767566e+00 7.082295649511117119e+00
-7.996813840588733235e+00 -2.967222717583951619e-01
-7.771828379721753555e-01 -1.749464881830685048e+00
-4.458439368904310918e+00 -2.654139108999129526e+00
2.480155068348277592e-02 -3.025664449414811497e+00
2.585484646171094081e+00 6.551223790710329453e+00
-5.058997808683807218e-02 -3.188874546986807168e+00
-3.262944668760853428e+00 5.343451426444170593e+00
2.171761858776267040e+00 6.736684268522282082e+00
-6.369543913804741386e+00 -4.187209002364181032e+00
-4.775428089345338911e+00 -3.992540825229514923e+00
2.194509455677200460e+00 6.562343273757432094e+00
5.808082765029150885e+00 6.256247682504701979e-01
-4.211600311179537037e+00 -4.491012293053005422e+00
-2.156905586562859689e+00 -2.070136861739833023e+00
4.012886696232507155e+00 7.218042032315479695e+00
-4.309312140250048273e+00 -4.425855273512760313e+00
-2.110249412784426681e+00 -1.501127276172073532e+00
-4.586792720008358692e+00 -2.924448083583447655e+00
6.353338734248426434e+00 -1.042252161590058002e+01
7.165043067943491550e+00 -1.025550306319537519e+01
-1.584925122177323065e+00 -2.820228873917151269e+00
3.880486673615380688e+00 6.954471694232523760e+00
7.375715649561010778e+00 -1.392733372267758396e+00
3.503458985240685664e+00 7.262677184724418922e+00
2.810519821170044175e+00 7.320148450712775201e+00
1.405887516098093704e+00 5.735110666903473486e+00
7.022161626687541514e+00 -1.001331613416541444e+01
-7.179204722888179901e+00 -5.686945317755697005e+00
-6.817788186217607072e-01 -2.328217913002664563e+00
-5.947562929239587071e+00 6.958941028041071064e+00
-3.155278664461786065e+00 3.803737082787655766e+00
-4.527497175557005704e+00 -4.385665388359190509e+00
1.967577281171617454e-02 -1.738559808573333365e+00
-5.622032363342233552e+00 -5.464227892979980794e+00
-6.677925811721528326e+00 5.444960104344856999e-01
4.473928119573297835e+00 1.397058166893712761e+00
4.479399659744968787e+00 3.520363643162520706e+00
3.052960090949526251e+00 5.844242864391749670e+00
5.979173589014787460e+00 1.916117803769907368e+00
-4.059563814264199877e+00 3.682182668425834304e+00
7.387542442102255080e-01 -9.944938643199776607e+00
-5.939362738077786474e+00 -4.728140625600127933e+00
-5.019217709304546027e+00 -6.684571379549888448e+00
7.419607629160512197e+00 -8.444539867581905668e+00
-4.377336209672112233e+00 -6.773119497516745469e+00
-7.058029820667780285e+00 -4.101692124643172122e+00
2.354915016681214723e+00 4.195539293165673200e+00
2.596106241859225339e+00 6.765495030243456220e+00
3.104772103891010993e+00 7.740486348353199375e+00
5.030478135933724282e+00 2.336210985707823928e-01
3.702290999517128256e+00 4.845170385132870905e+00
3.744353043041096285e+00 5.065644290073884726e+00
3.258615360113650272e+00 8.330869674350333653e+00
-4.385491119296409224e+00 -6.098526240504945406e+00
7.921621744667906029e-02 6.767819687871774015e+00
8.144838028190868329e+00 -9.928558177355773395e+00
-5.638018694470791736e+00 -5.725891659321932003e+00
-5.714993769633819554e+00 -5.309318729006424764e-01
-3.687607107511736260e+00 -5.574012507746489931e+00
-3.559256472904763324e+00 -4.814867534890755252e+00
-4.710016817125116440e+00 5.861382823246325202e+00
-5.010424875283557178e+00 -4.871384929637967431e+00
3.518267339733927468e+00 5.941247272446799066e+00
2.955518308824154339e+00 5.731442804023541449e+00
7.335797626120630355e+00 -9.857303112900671849e+00
-6.013002537911563472e+00 5.751392373063207941e+00
-5.255847207534800170e+00 -4.397776899727572797e+00
-2.733759541497865708e+00 6.442092394923371046e+00
-4.754532454826278176e+00 5.054334943636552779e+00
1.284047669243092216e+00 -7.306121203319603019e+00
8.367275483262464064e+00 -8.764142452583044474e+00
3.039549096013498986e+00 8.626896980548369953e+00
-5.374470195527861982e+00 -4.174426305786247404e+00
3.297172105061313196e+00 6.151924666375338191e+00
3.963922164116625346e+00 6.752601625301652533e+00
-7.072254362092667890e+00 -2.301881539378521691e+00
2.375921025656750452e+00 5.595489350735887157e+00
3.760658457686261169e+00 7.009716016227272917e+00
-6.535879792588286108e+00 5.164782824357570412e+00
-5.117762656457720993e+00 4.811541390262163098e+00
-4.912672664281492629e+00 5.813128024412620221e+00
1.205770858630866416e+00 5.864719570077697064e+00
-6.112427471382932076e+00 -4.705827052564589330e+00
2.274810519167141276e+00 6.580030463712434496e+00
3.738884303119974106e+00 5.206540623378503874e+00
3.014307716611604793e+00 6.325865025390605467e+00
1.808541141795040552e+00 6.528671030907122308e+00
1.543088696657894721e+00 7.310019066434711554e+00
6.213434327406983648e+00 -7.995853913059118412e+00
-6.456751794227371555e+00 -5.923001859453781215e+00
-7.324810652322430116e+00 -1.424044774396880930e+00
2.823172477622084564e+00 6.802101105656366720e+00
-6.051758363358551662e+00 6.378548446400694516e+00
2.749008722989644937e+00 5.845801528555881532e+00
4.664715613376924086e-01 -1.706744512030235139e+00
-4.259795102718622495e+00 -4.592576105087420757e+00
7.861245423210297290e+00 -5.258007628977707792e-01
-1.128274469803666857e+00 -4.073643726905202378e+00
-5.347019204059739295e+00 -4.524817131623094291e+00
-6.107303488431491623e+00 -3.173201176227969711e+00
-5.449272570966289919e+00 -4.931046124188676494e+00
-5.768607328804074896e+00 -3.255855428914764538e+00
-3.298022014616001307e+00 7.952580235535645414e+00
-4.402142697348422118e+00 -4.681899530674340504e+00
-4.669827179446714993e+00 -4.975910096628274992e+00
2.667910633810576471e+00 -9.778178285822892946e+00
-4.803668433355720246e+00 -4.605892196330683142e+00
-2.219339593015421830e+00 -2.506767346806540786e+00
2.300778135237498745e+00 7.999432962173026240e+00
3.770745582699915666e+00 6.598733021183111447e+00
-6.951748053127258409e+00 3.479030610126769840e+00
7.736023684723414284e+00 -1.015718669970645394e+01
8.005045511612742359e+00 -1.144528317627306002e+00
5.839365225926127501e+00 8.081619580898090627e-01
1.669008255327694812e+00 6.593133585123142737e+00
-7.827667161284084685e+00 -5.126603256260380270e+00
-4.508273456455028416e+00 -5.570709316544640188e+00
-4.902870016765088046e+00 -4.445970793947754629e+00
-2.718396771187693517e+00 -4.994257851575385487e+00
3.883879711352023811e+00 7.274610359135277093e+00
-1.841475428796554903e+00 -2.766666734912364589e+00
4.052453404381920699e+00 7.868815582272188358e+00
2.370669646104446748e+00 5.938224003763199477e+00
-2.314806780931162322e+00 -2.677462263039351864e+00
-6.532340239320292952e+00 -4.414807180913943974e+00
-3.087928329517849679e+00 -4.986914563555373547e+00
-5.581965558988711607e+00 -4.001385965441238923e+00
3.331020724119047038e+00 5.422371759516478207e+00
9.095835351162321558e+00 -1.151804040579540711e+01
2.888243269988636897e+00 6.491718174088878968e+00
2.782243735717208288e+00 6.676064054146923610e+00
3.840327330802947969e+00 5.620090958626816402e+00
7.046945591879215876e+00 1.685201284205265049e+00
1.223571898394381519e+00 5.078062231788008418e+00
4.306767112351672644e-02 -1.594898915161028441e+00
-6.030132615253343431e+00 -5.097998095848609523e+00
-4.550664180795904734e+00 7.892681868432426029e+00
-4.040496965544148722e+00 -5.039479597959433121e+00
-4.457192178717439113e+00 -5.209905223657558260e+00
-5.564894545438966666e+00 -4.076945413144797747e+00
-4.304894486241177098e+00 -4.265395439382416498e+00
-5.304385662043625160e+00 -5.251218360510799599e+00
-6.577773831633305868e+00 -4.756055723185382611e+00
-5.288209370152150868e+00 -3.071196764679961611e+00
6.003133857720841515e-01 -2.527253667417610483e+00
2.587599044524294900e+00 6.005898242449933200e+00
-1.617557757521296824e-01 -1.955411515068230077e+00
4.150124441875933101e+00 6.378857351887482707e+00
8.025450422071427781e+00 -1.016865069762621410e+01
-5.475823519334922729e+00 -4.698158504050339523e+00
-7.038292480262952289e+00 5.515554888445287851e+00
2.196747431829570107e+00 6.704898385496830038e+00
-3.962500959247796661e+00 3.157780463289538986e+00
3.474096536748312758e+00 7.674327493062880201e+00
-4.538236497551979554e+00 -6.970093670847797185e+00
-2.482378211336450757e+00 -6.210784645942812432e+00
1.956955106061429195e+00 5.584385765225546194e+00
3.199922665013796852e+00 -4.659841628492734422e+00
-3.404431497421548158e+00 -4.942205052398816356e+00
7.410414210591313555e+00 -1.047421199023208338e+01
-7.441330744088900939e-01 -3.555007642204276674e+00
-6.008251880261429534e+00 -6.301632220782926730e+00
-4.353700217496660585e+00 -3.470882316198441675e+00
4.006920878506122108e+00 7.403185293935864664e+00
-1.484510703774620577e+00 -2.424066251446082010e+00
-6.786525498206024132e+00 -5.078744479403902723e+00
2.566435428242844985e+00 5.641618817643289319e+00
-3.865114136465050088e+00 -2.493982211523224635e+00
6.831178426153043048e+00 2.167025184701111273e-01
-4.083988149614564023e+00 6.044760103809385221e+00
8.274939007511341593e-01 7.484394131446252096e+00
-4.615987551838878211e+00 3.681970688145681070e+00
-4.900960519765068746e+00 -4.436835733396906178e+00
2.136877047497613979e+00 5.527925825744999244e+00
-3.392634167283850033e+00 -4.841960289534108064e+00
3.345086736338581002e+00 7.579368461688837932e+00
1.496836466595372839e+00 7.097068858485570786e+00
2.057742238525730460e+00 7.457301821452143820e+00
-5.007081235576876566e+00 -5.582469602563539190e+00
-4.942455098757709386e+00 -4.625839339670482886e+00
3.419551797608678445e+00 6.186187787822791329e+00
-3.397026772078433510e+00 -3.730094852554598717e+00
2.501148787591176870e+00 4.725184138249703736e+00
-4.979275474076549024e+00 -3.436417431484260820e+00
5.522894605702290072e+00 2.053944175452260268e+00
2.481281179103415280e+00 6.108862405471114698e+00
-4.399086156839057793e+00 -2.817545785031126293e+00
9.601056706238701999e-01 -3.482651002388128081e+00
-5.765238961409185237e+00 -5.003887031695028575e+00
8.013349995430697703e+00 -8.907142033810702131e+00
-1.295425261071256662e+00 -1.768230310345338285e+00
1.348694914583704163e+00 6.304892760904379223e+00
-4.217519176801729941e+00 -4.620473834178693728e+00
-6.055926489780936173e-01 -2.218293894411118572e+00
3.639593178115573480e+00 6.538325080173455817e+00
2.736610014476025476e+00 7.041011764432865583e+00
-2.064373698126453327e+00 -2.896660452659053586e+00
7.380786596345253692e+00 -9.648062586887059311e+00
-1.091099241184966262e+00 -4.200208229601413379e+00
-5.827549810564623733e+00 6.238410414577679752e+00
-6.254389075910404827e-01 -4.159965542310946063e+00
-1.629416805425699444e+00 -3.262082129264004760e+00
-4.318677722082107984e+00 -4.293294980622860635e+00
3.807916207161358368e+00 7.318075641684815835e+00
3.208004334996345186e+00 7.754181287406526124e+00
2.757709603188699177e+00 6.035869706075423835e+00
8.260584730178056390e+00 -1.066170751143067186e+01
-3.217776018572349628e+00 -4.549043664214019067e+00
8.146143805295727347e+00 -1.017413445830603003e+01
3.109888158912065492e+00 8.221260488738487027e+00
2.023478689676240228e-01 -2.150084006994409158e+00
-5.571876634391506045e-01 -2.408753963431714329e+00
-7.376253361098261685e+00 -4.883445944100034963e-01
-6.915874859734778113e+00 -4.831734907923411093e+00
-6.597552930941824378e+00 1.648022040889256967e+00
4.127337736623369224e+00 5.650913356181144209e+00
-6.230773910606536958e+00 -3.613278078651756431e+00
-4.123052096971242086e+00 -6.023897719674828899e+00
4.097378363984918614e+00 5.320398702104487398e+00
-8.289857101355380564e+00 -4.422967780084130496e-02
2.344035947441239109e+00 5.197887437972458002e+00
-1.198784285489066015e+00 -3.070847922928082951e+00
1.713297755239217013e-01 -4.068368087175052494e+00
8.156095695334197870e+00 -7.999224299148508521e+00
-2.118717366751719844e+00 -4.029625333466813508e+00
-4.056294234610851923e+00 -5.674012334028987858e+00
-1.262879390926267886e+00 -1.583512724832383256e+00
7.576659178995899246e+00 1.606658642088472533e+00
1.991620041879833769e+00 7.189840690753780628e+00
-4.603777959692893162e+00 -5.629310053012237525e+00
2.845000953630363760e+00 6.739592900325456881e+00
1.565842887251466031e+00 -9.358509983921344144e+00
6.124866262103867420e-01 5.563057971977325877e+00
3.921137443751370633e+00 6.896557410893143114e+00
-7.179400898351425475e+00 -4.102164963899167738e+00
1.574774670389275100e+00 7.105587300459813349e+00
4.478944817187351823e+00 7.045156032458646855e+00
1.318921307462439740e+00 -1.766540419685238561e+00
-3.867318255311853470e+00 -3.628810951045085886e+00
-6.336475574790232379e+00 9.760683505798478654e-02
-4.292730015386420739e+00 -3.692716705602346661e+00
6.132871767684951791e+00 4.684937171635887410e+00
3.310167844345044408e+00 7.464760194349670641e+00
2.668262385208883813e+00 5.383398243761219781e+00
-2.702371471477799769e+00 -4.856765529109445367e+00
-4.367629858281769195e+00 -3.857390984578384696e+00
4.315376356261205082e+00 6.566371486240570654e+00
-5.823846669224925776e+00 -6.398169212927384386e+00
-4.967327156663529308e+00 -4.223507780186049665e+00
-1.757276688706324919e+00 -2.860180477102764129e+00
4.135429128238615526e+00 6.940800794010875130e+00
1.276704136171273429e+00 8.099226517847949225e+00
-3.513064804332338475e+00 -4.096693069066711601e+00
-6.037800502121876356e+00 -1.262488590119298149e+00
-6.853150244759944165e+00 -1.203761698799873159e+00
-5.873761280360244363e+00 -3.848061007190793692e+00
3.107970614335992199e+00 8.194860725607570728e+00
2.997306940583179369e+00 -3.898468964967286787e+00
1.205237753624461394e+00 6.069767709576589176e+00
-2.500451315847414424e+00 -4.247319196477014280e+00
6.936274814860432514e+00 -9.319708632375900415e-02
-4.688847369658977193e+00 -5.182415808482480735e+00
-3.295113491435880171e+00 -3.053557384508724049e+00
-5.955222392479305737e-01 -2.575878040242973288e+00
-5.945729494912020741e+00 -5.662356870386634711e+00
-6.334592008335697244e+00 -4.144261235580248837e+00
-6.901397299419409492e+00 -4.566153273892548548e+00
-5.539129293054553926e+00 -4.146385138489890210e+00
3.595891716114411274e+00 7.153682735336001741e+00
2.435078102620442664e+00 6.823599194768529941e+00
-4.087346750367091275e+00 -4.999581084110014118e+00
-3.741058786689562154e+00 6.004946932903352241e+00
-5.445131749866626514e+00 -3.075947109975893934e+00
3.021371597261176767e+00 6.038974311236895431e+00
1.082320429785950111e+00 -1.731761730102239216e+00
-5.172694716561593076e+00 -4.681794636474029936e+00
-1.425946271245227770e+00 -3.376122967413154541e+00
-6.925498542194522322e+00 -6.066246567439199211e+00
-6.542577696832014844e-01 6.600541204565534059e+00
3.193930456872729362e+00 -8.619066969590013727e+00
-6.468170861685499373e-01 -2.857398700401594827e+00
-5.561175336469430519e+00 -4.835680081830412647e+00
-5.416932322359870433e+00 -5.275615722147551701e+00
2.100764444136969278e+00 8.906505536422535840e+00
2.397526976084491501e+00 7.070467705384040791e+00
-6.700955329475039690e+00 -4.133794804564426606e+00
-3.448915336307258883e+00 -4.770802002126265151e+00
2.036585003965611929e-01 -1.810846994217877981e+00
7.095460358746718654e+00 -1.139194749201442391e+01
9.417033838627970610e+00 -9.480603120493832137e+00
5.004398950077664665e+00 -9.417422533209056645e-01
5.968490866540028250e-01 7.063313355166538798e+00
1.552351269103150910e+00 -8.210433821117524289e+00
3.485362479430428984e+00 -2.228044220714783030e+00
-4.212222469808306613e+00 -3.743113698933084876e+00
-1.609439578058100784e+00 -3.079194310184514727e+00
-7.669049527506018871e-01 -1.724746280701771051e+00
-3.856400983431372609e+00 -6.109209686150864904e+00
2.307013285861500229e+00 8.698379912950953141e+00
-4.751896285830995659e+00 -2.721704550115010335e+00
-4.875744240540795360e+00 -2.402255021970959081e+00
-4.452661755539818245e+00 -2.082179159175315153e+00
2.916053100686619715e+00 6.311458166120377022e+00
-9.809257531037598454e-01 -1.728828366120959803e+00
3.683135528291958671e-01 -3.847069830619747055e+00
1.730013151879502331e+00 -8.597438573445984389e+00
3.688781746673289064e+00 5.995246848035637122e+00
2.033554175808344411e+00 7.024842590045489388e+00
-4.511225848850332731e+00 -5.862776159943637211e+00
4.574335532313171804e+00 5.574141406544447896e+00
2.690848892398154835e+00 6.088419483721438930e+00
-6.981566965535357383e-02 -2.750562469148497780e+00
3.244151742294815399e+00 -4.087291497247442784e+00
3.282709125153064900e+00 5.762545882653676621e+00
-5.219759095377663805e+00 6.152113867416599824e+00
2.195519868541507158e+00 5.280296484007635627e+00
-8.009444075905038929e+00 2.546075898951867256e+00
-5.292830240547273135e+00 -2.928636921160570949e+00
-3.648616383873731550e+00 -4.004661102409446727e+00
-7.521393465796699651e+00 6.248467323644545601e+00
5.733277466289687041e+00 -9.491678558809384825e+00
-7.963780737073158367e-01 -2.750767847187074455e+00
-3.878982860758483753e+00 -2.563207493213347732e+00
-4.333817830305914498e+00 -3.045944695756122478e+00
1.860413366921361167e+00 5.840848208884429127e+00
-4.682080340704793286e+00 -7.951954885276307783e-02
3.051482774783831786e+00 6.435433919381170931e+00
-6.385018836481837212e+00 7.239762894725636500e+00
-1.125637738248158604e+00 -1.762681335365511304e+00
6.386683908684833710e+00 -1.022004216164938128e+01
-1.090945477918320972e+00 -2.580984639711701778e+00
-2.911990553277514771e+00 -5.646752064916878311e+00
-4.181777866465565374e+00 -3.946560765610928279e+00
-6.193036463032324690e+00 -4.638199182907149165e+00
-5.085146567506078519e+00 -4.158663219728019556e+00
-4.700820142598732154e+00 -4.474947665293778520e+00
2.359221419701130973e+00 8.396597869432282479e+00
-6.179158865681944057e+00 -4.490345714575301628e+00
-6.593552609299191403e+00 5.806259103635752261e+00
-6.778029083972918478e+00 -4.327087320968053596e+00
-4.072111516152993715e+00 -2.390693067434110475e+00
-2.442999207776166415e-01 -2.715461796703785513e+00
7.976195426225281437e+00 -2.075652437404187367e+00
-3.538076296169499813e+00 -6.355722666858010683e+00
-3.771841217270271995e-01 -2.038388689109203789e+00
8.640092794329126136e+00 -1.018850780601381345e+01
-5.402694375404275995e+00 -4.272365330197056998e+00
-1.219518053967010296e+00 -3.183397132826191633e+00
1.305523724694093390e+00 4.654958636007520134e+00
7.194152027671362859e+00 5.384387741174282427e-01
-6.205510531828488219e+00 -5.722918242698780134e+00
2.997993994662166539e+00 8.844836628438979886e+00
-4.839952705033266689e+00 -6.161045423243404429e+00
-7.539595914366658214e+00 -4.353949612209153663e+00
2.720275658130497209e+00 7.596725989291280179e+00
1.227857831998731220e+00 -1.532527495398090744e+00
-1.711828704108468102e+00 -5.716163225179299090e+00
-4.065247722708160261e+00 -3.973689626198594116e+00
-4.426369035210456993e+00 -2.571263877105522511e+00
2.001041172870713147e+00 8.284138852190825020e+00
-4.185469562443230984e+00 7.307518944487950918e+00
4.647798819283712746e-01 -2.015908844000128042e+00
7.594502562181144611e+00 -7.839069645067464620e+00
-6.838097072295299839e+00 -4.425497839315580606e+00
5.975667212583898547e+00 -8.784153245012998212e+00
1.362804265728153164e+00 7.028797468159706519e+00
7.944829484320933943e+00 -8.064684834229778332e+00
-5.741391195033397565e+00 -2.906086402657103385e+00
3.407122934375632628e+00 5.733850134127569831e+00
3.257073562514176235e+00 5.231167672244810163e+00
-6.134139573020301661e+00 -5.177180449920979477e+00
-3.475025479698222952e+00 -4.726860206727335978e+00
-8.934446864794094445e-01 -8.729931991721726625e-01
3.084799672394138437e+00 5.891315225963138502e+00
-5.193199239245781307e+00 -6.013778053129991363e+00
4.683552858028290355e-01 -1.916951515733912537e+00
-2.216317067438436705e+00 -1.895221094414567098e+00
4.078412866273879445e+00 1.949378411057945515e+00
2.428554938873480840e+00 7.220758963902650152e+00
-6.714178512196284032e+00 -5.073132947479987109e+00
1.228609655378465337e+00 7.109513810284944668e+00
-6.452713529025348116e+00 5.150677725261548545e+00
-5.720897405387539436e+00 -4.257976368948946266e+00
-3.836198375217881651e+00 -4.020107639454387538e+00
-4.016339808770106323e-01 -2.182844756817870824e+00
2.535290448974988120e+00 7.715908941725984072e+00
-6.176688073493956210e+00 -2.916793590658103508e+00
8.181193211957205058e-01 -4.142309437728119548e+00
3.529512252171953524e+00 6.785765351656363187e+00
3.804904403859595163e+00 5.787491533975616775e+00
-5.687698448142533003e+00 6.064633460951978527e+00
-5.820061740154093499e+00 -1.609487441273731168e-01
-6.501979971219527421e+00 -5.316577229640374824e+00
5.334409262989550982e+00 5.908403701588562207e+00
4.814253582056029934e+00 6.861216061246434350e+00
7.208177248702391182e+00 -9.658005331269928107e+00
-5.661808833683117825e+00 -5.356451825190493565e+00
-1.246780817409144371e-01 -2.736422702441508648e+00
-3.975489539503580971e+00 -4.122267590260074499e+00
7.525114029344121214e+00 -9.527144245726201888e+00
5.287664386349208989e+00 1.619184319597795740e+00
-3.904577244203506936e+00 -3.466586132747790483e+00
-4.342423295781499881e+00 -4.972445161878802367e+00
7.629601019267441053e+00 -8.837298064838398304e+00
-3.101014166322203280e+00 -4.249825183489202018e+00
-7.745247321471004920e-01 -2.688679607464659505e+00
-4.772352900988457769e+00 -5.255584482106538502e+00
-8.139296475913782913e+00 -6.323923992046814879e-01
-2.135277075982354944e+00 -2.682530577595713339e+00
4.715388027584623387e+00 6.295873046259788275e+00
-5.110554174791515969e+00 -5.571185356682001988e+00
-4.849892154574551029e+00 -6.111343576840066127e+00
1.943640102434919026e+00 7.617700692603528445e+00
-4.129250372501656052e+00 -4.216040375948567842e+00
-2.198596307136206018e+00 -3.587157217352443972e+00
-5.834867405067072355e+00 -5.085256305540723609e+00
-5.318882661700737202e+00 6.517596454701516606e+00
-1.380454497370136924e+00 -1.197836367675589653e+00
5.237985273158974664e+00 2.458337607745716413e-01
1.181769216027052760e+00 -1.784868297790354941e+00
2.249993579694311130e+00 6.831515555921063410e+00
4.153656685974452145e+00 6.229981401035305844e+00
-3.905741009908183514e+00 -3.898825301195979254e+00
4.809440264190874892e+00 4.623994013179675733e+00
7.087528275846558756e+00 1.976855907838154902e+00
-1.193155021181954378e+00 -3.215971909714721022e+00
-4.382690578158717543e+00 -2.639844483463764657e+00
2.669121020693535851e+00 6.199995914756835980e+00
-4.332670425071415643e+00 -3.619465248976513561e+00
-4.155058545459075603e+00 -4.936757282788247103e+00
1.911707898912940351e+00 7.809783732467342254e+00
-1.770770822023890467e-01 -8.181310307010098981e-01
1.709552058041998501e+00 5.510314600241494887e+00
-6.361294525845109682e+00 -8.333610473587604872e-05
1.721508130606165921e+00 6.496298230778853267e+00
-4.187212736988439765e+00 -4.725217851206494402e+00
2.031986516586712810e+00 5.527787406321011510e+00
2.464895768260334741e+00 6.548213251753136177e+00
1.795380801156061024e+00 8.204441358442414511e+00
-3.253679859692376608e-01 -2.625865883925328159e+00
-5.073831888132813717e+00 -5.567145095352471706e+00
-4.710597464302086479e+00 -4.616398565270396048e+00
-4.447421476122156214e+00 -2.900206587494850830e+00
-4.402740478309896233e+00 -5.977703752321829711e+00
-4.185333984285910525e+00 -5.224101902580736478e+00
3.345300489126514343e+00 5.464409967297717330e+00
-5.132793597542994135e+00 -3.483606100322715893e+00
-5.360094027353967228e+00 -3.972301969833569757e+00
7.016225192459289772e+00 -9.365817158082379024e+00
-6.887091051799247410e+00 5.751970647271525294e+00
-3.892693479446461602e+00 -5.671629005382861521e+00
-1.653687237043949709e+00 -5.767606251590358113e+00
4.693683121656558654e+00 7.524134922635158595e+00
-4.785540380592246734e+00 -6.059990565467635371e+00
7.250752112033092001e-01 -1.911170100653001080e+00
-4.766773560599321335e+00 -5.687274750538108492e+00
-4.277317738764141453e+00 -5.567838083098945567e+00
2.836378225688832799e+00 6.539978061986176705e+00
-8.266711970668847442e+00 -1.321732166016659660e+00
-5.495467050128336695e+00 -5.567007269985015050e+00
-3.224480402262439149e+00 -5.755529636101561763e+00
-3.981243233331254405e+00 -6.194734017925198621e+00
3.827702208153152874e+00 5.868221505345097455e+00
2.543175232868263302e-01 -2.836573590886618756e+00
-5.357380643629142902e+00 -6.936966774476981179e+00
7.186526138253840124e+00 -3.078483028199519467e+00
2.795251001081198616e+00 5.272058665723642790e+00
-4.046509950799093147e+00 -4.138479071730769121e+00
2.691958434606450012e+00 6.596939719748907471e+00
-3.084048534183807533e+00 -6.183323867426853582e+00
-5.241427266033322319e+00 -3.795212731438295961e+00
-3.357326600734992006e+00 -4.567380192765169156e+00
6.216560339449650918e+00 -9.711514819600587600e+00
4.058710178513133648e+00 7.527993003148889528e+00
-5.700190787602178233e+00 -2.867125948168272931e+00
-2.918432233780671181e-01 -3.490007859164926618e+00
2.867707179302383391e+00 9.138747795213035374e+00
-4.903679956599398260e+00 -3.830693379036926860e+00
4.252382592313685983e+00 7.896315218388502366e+00
-5.148178003261058677e+00 -3.250182372387986351e+00
-4.338502591417568333e+00 -4.076981739102567559e+00
-6.549505981621781103e+00 6.555109620129616843e+00
-3.858911246861034261e+00 5.078879959157054813e+00
4.134235427576806288e+00 6.013982593482653627e+00
1.754958211686513225e+00 7.171511906416171200e+00
-6.484298550026325048e-01 -1.732826093793341515e+00
-3.801945194642053494e+00 5.344237003331632430e+00
-5.392249065121831997e+00 -4.217125759238231630e+00
7.187122591799159466e+00 -1.178908617749357290e+01
5.305372871595166018e+00 -9.637973926165946281e+00
-5.811097651842986878e+00 -4.807515851858954470e+00
-6.135286973181308667e+00 5.617868415606610988e+00
-5.732987485924026849e+00 -5.907153424010532561e+00
-4.405271075644345835e+00 5.112258886799471824e+00
-2.094521262763673342e+00 -5.421761507035622429e+00
1.494448669821126785e+00 -8.635626762135549583e+00
-6.237624012667454254e-01 -3.389779330416939462e+00
4.730880352914257791e+00 5.522536907355287461e+00
-4.404121957953706534e+00 -2.266216637560555469e+00
3.707466681022009158e-02 -4.890247959892364271e+00
2.964384399304104800e+00 6.538956344558211065e+00
-4.146233869810169281e+00 -2.916739408412623469e+00
4.640092384571037343e+00 6.360184363115490846e+00
-4.519109602856942409e+00 -4.284099441804586128e+00
-1.994305701038925793e+00 -2.958881496104507569e+00
3.945368720454145439e-01 -1.585042473667680696e+00
1.600783511792731595e-01 -2.755145002346014227e+00
3.692130038809709802e+00 7.207756558694015325e+00
-4.949586085940602231e+00 -5.417942073684447912e+00
-8.498279400218967439e+00 1.987276134692792517e-01
6.007300324616626774e-02 -2.844712996422598117e+00
3.112355908941965232e+00 4.801235982986674422e+00
-1.034625793026205054e+00 -3.379279472967861242e+00
-4.889273519912043398e+00 -5.299749255434138995e+00
2.082363990331120185e+00 5.340278711358221742e+00
2.207017406684128602e+00 5.667731389091211547e+00
8.188500064083930496e+00 -1.043018979928387679e+01
-2.849356443585634224e+00 -3.725314685745535925e+00
1.545807351296374810e+00 8.069107829828253031e+00
-2.936488292592430938e+00 -3.566956409145614515e+00
-5.405451375879308351e+00 -5.676142864120657272e+00
-6.855670013374363769e+00 -4.328855688639937860e+00
1.038864712865808615e+00 -6.924175769647854750e+00
5.411575449856410813e+00 6.532440474808511865e+00
-5.493792203292424681e+00 5.608055174731749304e+00
-5.146305385060478521e+00 -2.734231481413184284e+00
-5.703204199347977621e+00 -4.715590969648528308e+00
6.212700080047896201e+00 1.105883966112795713e+00
-5.085510304085421929e+00 -2.885992951439632748e+00
-3.960758329945336165e+00 -4.210633016776734294e+00
-5.626254157415794488e+00 -4.973548720516506982e+00
-5.455438532025219445e+00 6.529888617603424095e+00
-5.955009196407979211e+00 5.236722454533873083e+00
-5.170424474203257681e+00 -3.756191925087890127e+00
3.546894920431037379e-01 -3.333365891537388492e+00
2.063164068849611787e+00 -7.277927188724772734e+00
-2.174774241738520519e+00 -6.935537009692873678e-01
-3.017631862658465836e-01 -1.805939702270673353e+00
7.706369941233925047e+00 -1.514238997801242936e+00
-6.293708988679928007e-01 -2.695798564077801274e+00
-5.965665428928646818e+00 -4.974155936291730029e+00
4.412608250206247362e+00 -2.855547798461125275e+00
-5.674931939002421544e+00 -4.599024744871586634e+00
2.756666467915631191e+00 4.808011761304959109e+00
-4.441147550071272931e+00 6.451272910731046473e+00
-5.910748595419235585e+00 2.799745491646058682e+00
8.009448896173421151e-02 -2.645032024237511159e+00
3.242303840472954946e+00 6.152322594988469895e+00
-4.332581993601664294e+00 7.629273578285748592e+00
2.468792180058426933e+00 6.127450635887766950e+00
-5.182075346623733481e+00 -4.237346179507980537e+00
1.988687807371047889e+00 8.060226100300784680e+00
5.828829222058127257e+00 2.523876869720818483e+00
-5.679477732849620430e+00 -2.758195019145861959e+00
3.853521256843085663e+00 7.641859335741859383e+00
3.036553072198953096e+00 5.104436937830502785e+00
3.203111862945550392e+00 -6.900012405383900926e+00
6.440928508335176161e+00 1.905058876807436130e+00
-4.628023333932466343e+00 -3.805014938874042851e+00
-4.883259811811062612e-01 -3.173325304252112566e+00
1.108130386811505108e+00 -8.211173014616370835e+00
-6.549464885394042035e+00 5.810443407157834805e+00
-6.189434069976480046e+00 5.625148006873674333e+00
-5.529281444980547633e+00 -4.702967331002463780e+00
-6.635742940327858719e+00 -5.552853543360461330e+00
-4.392175961662950989e+00 -2.952311833340994340e+00
2.838575900478515379e+00 5.312927343933322000e+00
5.919658794515153311e+00 8.108497760801312015e-01
7.986454501336974765e+00 -9.787783321674671910e+00
-5.478019395203814312e+00 6.622462393464051189e+00
-6.328374628278890413e+00 -4.480701711899079953e+00
-2.744685429660071563e+00 -5.676601200209553610e+00
-5.844756346453599427e+00 -3.660826496272276742e+00
3.053786407434676775e+00 4.208020599834640940e+00
8.432579330568856335e+00 -9.852967942474418095e+00
7.752345023837759364e+00 -1.959006344232697705e+00
-3.435042235183204617e+00 -5.987697444048607487e+00
1.569110960156142376e+00 -8.632867932866810534e+00
4.524220759238524181e-01 -2.160869659349834215e+00
-4.453306402307072531e+00 -5.589636656752999144e+00
-4.311069296671215412e+00 -3.931363161619161772e+00
3.447701331722296203e+00 7.318072877379377950e+00
7.335202000107122977e+00 -9.151463164361354430e+00
6.019762331259767230e+00 -9.568631928389210728e+00
-3.996924257979769024e+00 -6.391235407275187796e+00
-4.947189330701500687e+00 -5.068545528232961672e+00
-5.953486421986779575e+00 -6.082156485590004547e-01
1.947149855924884543e+00 7.771098642005673796e+00
-6.071690732385903289e+00 -4.779041124568066401e+00
2.916403219332381003e+00 6.732315501328830720e+00
-5.071013293152385693e+00 5.358232165774557743e+00
4.656100766763001886e+00 6.517215236307999149e+00
2.207976353348891640e-01 -1.461005801932846238e+00
2.915077535108546947e+00 6.010117709948731068e+00
7.717377528142264076e+00 -8.755220117530502222e+00
-4.082187165973698129e+00 -6.064432267157839007e+00
-1.639325531967634086e+00 -4.180508676425416681e+00
5.959850194354450181e+00 7.633184517669102220e+00
-5.582487064233773388e+00 -3.331637899885378395e+00
-5.253339254026331950e+00 -5.317870673425140637e+00
5.494180990914673934e+00 6.973635466021410600e-01
-4.935273345711697068e+00 5.981075406241398440e+00
5.625279748156854609e+00 -1.111088903893590185e+01
-6.914483447599410582e+00 -6.318501947448154077e-01
1.043975489535409640e+00 7.730617425203193172e+00
2.569086673186012248e+00 6.199801715023971482e+00
-5.512581921529512208e+00 -6.457452195238126080e+00
4.271653959087139185e+00 6.800594241585344868e+00
2.546760078826414198e+00 5.462920212311232149e+00
2.942284781651579806e+00 6.234050655979797462e+00
1.455466961759926958e+00 5.715256899930842849e+00
3.224378674580293147e+00 4.075178337489345992e+00
-5.202797819132383594e+00 -3.881286714188280307e+00
5.382994014481095491e+00 6.092337991469835679e+00
1.406519962332382523e+00 6.970834180358283838e+00
-4.051327326856840827e+00 -5.113347792806934855e+00
6.605799565596879752e+00 -8.998359794330443862e+00
-1.296217867200505580e+00 -1.718558833769595395e+00
-4.013409670074803870e+00 -4.154031694518868889e+00
-5.588266211701484742e+00 -4.764683300944812849e+00
7.370561246535773492e+00 -9.975116135615236246e+00
-4.057088263286136254e+00 -2.535475688524045257e+00
1.450254138338187504e+00 5.233788461936743630e+00
-5.193198974515608413e+00 -4.071997602470432298e+00
7.036707070319496715e+00 -1.047995412541747662e+01
1.773113315502501175e+00 7.147856877401512321e+00
-3.225691947473105614e+00 -5.569923437615329931e+00
2.759712121047348532e+00 7.654852537804083923e+00
1.751091664526430280e+00 6.784747503240557087e+00
8.477658763103876893e+00 -9.336918637130372289e+00
1.731959869061545865e+00 6.331613535411393379e+00
3.943231544557265433e+00 6.048402136756704905e+00
-6.591074037703536170e+00 -4.788425688555984827e+00
3.145819190869830084e+00 5.783046923534845618e+00
-4.276698062886862495e+00 6.134860503779218099e+00
-3.339384291626522616e-01 -4.537847748171837559e+00
-4.565888404528667621e+00 -2.831677078250396384e+00
1.499435225280806083e+00 6.862826508996125341e+00
3.346385887581785568e+00 6.536821294128134952e+00
2.543542056015312802e+00 6.903404386377023805e+00
-4.585339109122757328e+00 -4.790170970934271466e+00
1.753327357057186120e+00 6.467001002412748001e+00
1.254364536627502691e+00 6.151173036492555646e+00
-3.476813758027619272e-02 -4.945833631030945199e+00
-4.022277467354114400e+00 -2.497106770552739441e+00
-5.411360702357245422e+00 -4.136566904797574828e+00
-5.839993344738944714e+00 -3.356051064722804789e+00
-5.769911385535201553e+00 -4.334250679613900203e+00
4.099803548004841147e+00 7.691498862929692315e+00
-4.519924836022649828e+00 -5.621835810057838501e+00
4.136882289553764913e+00 6.641216856025416782e+00
3.762862896020944703e+00 7.144906111872114884e+00
3.542011235181467210e+00 5.665961936172902114e+00
-4.340297820051413957e+00 -4.897335933637920746e+00
-4.053268091245515459e-01 -4.459520357170617899e+00
4.048921652486950684e+00 6.791369741216088052e+00
4.061680437278277545e+00 6.050060843698481960e+00
-5.721751804374624051e+00 -5.238653292897309299e+00
-4.672996284897029895e+00 -4.831649879370318423e+00
-4.550738199866182221e+00 -4.910649113660935150e+00
-1.498103280278774818e+00 -2.853621403328091333e+00
-1.008669452168327929e+00 -3.184328797346539286e+00
4.484650331749584495e-01 -3.344910315059626882e+00
-3.269225229686285594e+00 -5.434648263715172511e+00
-1.104126807256563314e+00 -3.045041002843618116e+00
-2.931817494790510015e+00 -4.432271713822965253e+00
-4.815969826331717663e+00 -6.755777594815884690e+00
-4.525904544530490625e+00 -4.334604329390162825e+00
-4.565804105721304573e+00 6.324780562794920513e+00
3.486778585179941992e+00 6.765926268023278567e+00
-5.683813384167896388e+00 -3.989747522572554939e+00
3.538416007934490626e+00 7.502936676116521042e+00
-4.141520191577537702e+00 -4.816581736627482790e+00
3.584158423080909373e+00 6.966906365905781939e+00
-5.508087891984080109e+00 -4.359208151431711364e+00
7.717724225850466357e-01 -3.803564626876066335e+00
4.949484677308502611e+00 6.551035309155129660e+00
-5.293075259090337603e+00 -3.559650573202086221e+00
3.116986480501410472e+00 5.062576406615924896e+00
3.750997669106422627e+00 7.273489062740408073e+00
-3.495761855910531235e+00 -5.562193074511336377e+00
-4.951357033350260117e+00 5.318304706434977547e+00
5.865476284114144789e+00 9.366128945281850804e-01
-5.586195229722935807e+00 -8.941072166794716836e-02
-4.719737725012756790e+00 -3.934284400701988815e+00
2.929766198746120764e+00 8.012600139591285142e+00
-6.993531018496405238e+00 -2.220845227065500360e+00
1.077580608228886794e+00 5.973925782464496237e+00
7.289414681213859382e+00 -1.016682283493727823e+01
-6.263022082753350261e+00 -4.126776994142515420e+00
3.744990032330604457e+00 6.104825394027959540e+00
1.996821973487716617e+00 6.587109073248050173e+00
-6.310518912722519858e+00 -6.487791793457200029e+00
-3.175189781041817816e-01 -3.712763172212744323e+00
-5.727867972859334245e+00 -5.150306365733651859e+00
-3.312062652972243892e+00 -4.739860283395286977e+00
-3.740918190290854817e+00 -2.649991913457776516e+00
7.532877209531472218e-01 3.899758310407738016e+00
3.759045119888871245e+00 -3.793246869339762739e+00
5.668525303650882918e+00 3.552452152015811659e+00
3.395679908238294242e+00 6.203294376103696273e+00
-6.483172653153002063e-02 -1.589730264330513343e+00
-4.641793212206222208e+00 -3.482065710656998103e+00
-5.548014461869233749e+00 -4.481600040993766854e+00
-7.185522209648832259e+00 -3.796011904617597743e+00
-6.882597972169701706e+00 7.044096793303582515e+00
6.905978668522680053e+00 -1.048287727081402032e+01
1.440875217734221447e+00 7.370295130305036579e+00
2.959525222691907764e+00 5.543025998227787632e+00
-5.573763496268188788e+00 -4.725600261415067394e+00
1.901703486478502514e+00 5.520551609116122194e+00
-4.985497864822124647e+00 -4.168092418632334706e+00
-5.135146520262320102e+00 -5.310374757216858477e+00
-5.176742298483391735e+00 -5.404259234770655951e+00
-5.397510966069704708e+00 -3.140909836089096352e+00
2.567648789591302716e+00 5.335392076190396793e+00
3.247970909724096522e+00 6.334291024555764871e+00
-6.423532331946072205e+00 -4.061154622171454953e+00
-4.090226001256078270e+00 -5.314592021602446259e+00
-7.159649474541401659e+00 -4.935401994509163615e+00
5.712687709256622171e+00 6.708433556018093213e+00
-4.356791469227691671e+00 -3.748243082261249803e+00
-6.189189447328711680e+00 -6.204598888056747086e+00
-3.704032303370318857e+00 5.918580559597357293e+00
2.424324962550721718e+00 8.419693699435390144e+00
-4.859838116059261637e+00 -3.038583024789530462e+00
-4.411459859850987542e+00 -5.587945432218383246e+00
-3.665562899258285601e+00 -2.859119939955822254e+00
-2.047827574500698411e+00 -3.278079861542614104e+00
2.129750378804414979e+00 5.828147481049329670e+00
5.186196751401118910e+00 -4.815780573237995021e+00
3.079012111689853448e+00 5.753917804362783883e+00
3.118924398568288403e+00 6.311283487475065179e+00
-5.012949024411113008e+00 -6.043853513020791546e+00
3.318013912933281517e+00 6.474536864618649190e+00
3.000598061199157396e+00 6.174981952700929533e+00
-4.456339246769601914e+00 -1.444559346423218482e+00
5.363193291861760859e-01 -7.742541909792175048e+00
5.874236979736427777e+00 -9.599464573420261715e+00
7.119718088131446798e+00 -1.290230946375299892e+00
5.853706073741740123e-01 -2.509610769198227676e+00
-5.799456054273804284e+00 7.262232376810914936e+00
2.311625584095359009e+00 7.473392712999302745e+00
-1.272542074230395004e-01 -1.649535818142937371e+00
-4.536469109343648221e+00 -4.157133689510101426e+00
-5.597722626785059497e+00 3.155420274803310665e+00
4.342860015030696630e+00 5.704626486059827251e-01
4.260331749040599192e+00 8.141573276662295910e+00
2.090729789657288062e+00 7.690432976274939492e+00
-5.507354253191709681e-01 -2.277853644018762225e+00
4.856775112269959394e+00 6.909297641802977452e+00
2.764203072742734246e+00 5.565861356001244431e+00
-3.700817408346433801e+00 -2.734926004047308012e+00
-7.139453267600510245e+00 6.129236422661830108e-01
5.073913220833516036e+00 2.253593029722019025e+00
-4.064545402813831920e+00 -5.189769409550580193e+00
-2.215601287604465952e+00 -3.050775014437380861e+00
-3.519841404733314416e+00 -5.806266128862844766e+00
5.787928463100916687e+00 6.843632507216355521e+00
3.378669683836587279e+00 5.215770974731041676e+00
-5.240381128816702372e+00 -5.083446007661182264e+00
-3.702445153273135503e+00 -4.435885161745583005e+00
3.374722354525684587e+00 6.597831430819038445e+00
3.729633340708541578e+00 7.308287254687127366e+00
-1.532022938733826445e+00 -4.131392383506698351e+00
-4.608368111270529255e+00 -1.824351611272292839e+00
-6.683404685109859855e+00 -4.051741546652544379e+00
3.001501360680846275e+00 6.307025599516712155e+00
-4.124786191048222861e+00 -4.850659367880472139e+00
-4.783359537896854974e+00 -4.376225756565409242e+00
-4.025533373382636171e+00 5.193698486604116482e+00
-6.220475884855346749e+00 5.330995511165596668e+00
-5.277853102582979794e+00 -6.436671524532089350e+00
-3.756199729992855563e+00 5.024600739644252023e+00
2.437478855910638842e+00 7.037272026665546854e+00
1.125941785092197112e-01 -3.007549080497463834e+00
2.725076608271590040e+00 7.282647848134196522e+00
3.841294068273452655e+00 7.319545139658718114e+00
7.022483444359950866e+00 3.433470258401078112e+00
-4.936154516824236893e+00 6.498431877309747584e+00
3.928598952025616597e+00 5.266038104710030865e+00
1.451877554757976085e+00 8.535232674308641521e+00
-4.814101574563305341e+00 -4.135901316869039057e+00
4.444400219902064908e-01 -2.378786803113698056e+00
-8.095327516376167765e+00 5.387814247911802967e-01
-5.080358810569141070e+00 -4.517626165822389517e+00
-4.703537938066581603e+00 5.834905908673507113e+00
1.553881629572647416e+00 5.874684151402159493e+00
5.269960587894110482e+00 1.599959840395990041e+00
-2.711431511797468108e+00 -3.185575176437156486e+00
-5.771194564580684805e+00 6.214845244087030096e+00
-4.996119895254548027e+00 -3.844956160009256774e+00
-7.298887295472408221e-01 -4.109346496645503777e+00
-5.043531878644526678e+00 -3.458176275622133033e+00
5.748657324966555571e+00 1.908927688247762600e+00
-7.255735938108162308e+00 1.141822426284198277e+00
3.226066476939893679e+00 5.227433117919455086e+00
-5.258992058277146775e+00 -3.920821814213870660e+00
7.821339234580274358e+00 3.656404737610495559e+00
-5.934780510012966914e+00 -4.198096212336339228e+00
6.105979284333155732e+00 -1.014457244520468038e+01
-3.657773433729574197e+00 -4.989968675288535493e+00
-5.633813691689202763e+00 -3.588524406534198796e+00
-2.081221600993221621e-03 -2.667754928629234357e+00
-5.841175248779695295e+00 -3.796671412100555365e+00
4.553378526100922308e+00 5.252414046382389401e+00
3.094314190177592128e+00 -7.467442622505832794e+00
4.718956532879844623e+00 7.001614890213507358e+00
5.556941982361093046e+00 -8.895746533900743103e+00
-6.379815635218042402e+00 -5.865247609752877622e+00
1.734197117764592289e+00 7.837580961008431046e+00
1.801329770610067493e+00 5.736684049649602990e+00
4.601846836080722980e+00 5.394235141059200878e+00
-5.757583124058463397e+00 7.979782080550369194e+00
-3.787973063310209554e+00 -6.736186935227157946e+00
-5.482005912768084244e+00 -6.080676374798160921e+00
-4.071058633188325615e+00 -5.147285517864913729e+00
1.901143769732747568e+00 6.129397883342428521e+00
-4.641522999723455278e+00 -4.762855026882276910e+00
7.073146763616977140e+00 -1.025507588801118253e+01
-5.864487814815791289e+00 5.598276622857661700e+00
2.602922438632816693e+00 3.749847392274345825e+00
-4.660489931563823518e+00 6.144474759148979004e+00
-6.685783640944594097e+00 -6.112940081489403710e+00
1.740984247683612374e-01 -4.061139546517253507e+00
-9.546140597648861359e+00 -1.018685060162519918e+00
2.689521587602008879e+00 8.608997981225265050e+00
-5.269166470156353199e+00 -4.204774927851056887e+00
3.199451666598331023e+00 6.184399108663525269e+00
3.046559528945985473e+00 5.020863221525430298e+00
3.405003816034533060e+00 5.635138288258343842e+00
-5.651183218013302145e+00 -4.988342749659244291e+00
1.229193926838632045e-01 -3.394590905511309487e+00
3.677454762087150719e+00 6.680386879912547649e+00
5.469411900039511387e+00 -6.926344250698117655e-01
3.446520234043001008e+00 3.352822057919675025e+00
-2.699664447294669034e-01 -2.040176126476742624e+00
-4.177020345625948039e+00 -3.735945400979775233e+00
-4.914868122574231002e+00 -5.495188585258897085e+00
-4.646228129731355239e+00 4.837896265366425474e+00
-5.282478730582822912e+00 -2.938970092130126055e+00
-2.061948213267444707e+00 -3.336383914643422877e+00
-5.638755954718811303e+00 -1.090092648324930025e+00
4.724694306981770175e+00 1.793157457493052220e+00
-5.300085569089583615e+00 -4.430372206510965860e+00
-6.345063615336301588e+00 -2.622699334803963112e+00
9.374177830896059049e+00 -1.063331183998154827e+01
-3.948108611027646653e+00 -3.444528292039286566e+00
2.399709524989297016e+00 6.101825652874831363e+00
3.605591753869722194e+00 4.735553690839481078e+00
2.435277098485488789e+00 5.335171685075101422e+00
-5.163253160443001200e+00 -2.623873149889449641e-01
2.982105915305724775e+00 6.085112929966909334e+00
-6.518071198826956625e+00 -3.932776343613936021e+00
1.661462869084618044e+00 7.870868951262453450e+00
-2.687976676402320297e+00 -4.418815103951756917e+00
-4.499935116710485516e+00 5.419595385173709090e+00
-3.936292791809455238e+00 -3.039230969317521236e+00
-5.690802604421765665e+00 5.219748024112140783e+00
-6.350529306268906105e+00 -2.952835303434455105e-01
-2.187748299394166374e+00 -5.139504541867294662e+00
2.816977256606279401e+00 -9.419338839114725914e+00
-4.508626900299537610e+00 -3.496290638476640567e+00
-3.843990699685301937e+00 -4.313598855539435561e+00
3.817885279834687395e+00 6.405659891931732908e+00
5.587276420016333844e+00 3.638124356631937673e-01
-5.252635850740189127e+00 -4.583548544093264177e+00
-1.699036669845717995e+00 -2.396078906164031963e+00
-1.151705568675416291e+00 -1.774079980164998016e+00
-4.902632983164172842e+00 -4.312233729540145610e+00
-5.152962318853345991e+00 -6.189912266960817533e+00
3.126804339152728485e+00 7.112906619995438717e+00
4.152915378566144788e+00 -2.861759982497831256e-01
3.513847993037439998e+00 5.691273672492639157e+00
4.245447210812256067e+00 6.616725127266685824e+00
-3.183638048056705472e+00 -6.285125858237680774e+00
-3.541066900015430452e+00 6.672309434198517408e+00
-1.840518972039271395e+00 -2.856947092945922417e+00
-4.446838910640787290e+00 -2.095799656683031031e+00
3.230193671891015583e+00 7.154695520308143486e+00
-4.610177706333970171e+00 -4.310663560519044424e+00
-4.467919895331988300e+00 -3.974044094588645049e+00
3.455474435185698745e+00 7.918659884661136239e+00
3.213244777530046115e+00 6.458305817266491999e+00
4.716708733306264278e+00 4.044263601204766800e+00
-4.238149753366089456e+00 -2.926729509581972977e+00
3.082089917034834148e+00 5.412558009652726376e+00
3.663574166089701656e+00 5.667461104737014033e+00
4.950055295777030295e+00 5.851314623531717274e+00
-7.591297976921070223e+00 -1.278629631146177836e-01
-5.190917570828789351e+00 4.594347517859050711e+00
-4.611442982192209605e+00 6.348773430480758151e+00
-2.352559944936485348e+00 8.567691257593081033e+00
-5.478562400695719425e+00 5.725977784711099972e+00
3.605766641942016015e+00 6.384805216074531664e+00
-5.406456526508654825e+00 -5.683015772274509381e+00
3.756963862058728232e+00 5.424741321664559024e+00
4.852425895205261241e-01 -3.054143615332639783e+00
-5.739940707828952604e+00 5.271226450085634063e+00
-4.881594631130206530e+00 -3.044305528833012531e+00
6.708073822721792645e+00 -3.861705940135971016e-01
